$molecule
0 1
 C        12.973000       24.676001       41.018002
 C        14.363000       24.447001       41.071999
 C        14.870000       24.773001       39.835999
 C        13.822000       25.160999       39.004002
 C        12.613000       25.080000       39.757000
 C        15.063000       24.924000       42.256001
 C        16.348000       25.507999       42.118999
 C        16.877001       25.759001       40.848999
 C        16.103001       25.431999       39.768002
 C        16.215000       26.461000       38.827999
 C        15.172000       26.892000       38.040001
 C        13.969000       26.218000       38.125999
 C        12.990000       27.167000       37.911999
 C        11.828000       27.076000       38.673000
 C        11.676000       26.079000       39.609001
 C        10.938000       26.580999       40.681999
 C        11.286000       26.209999       42.021000
 C        12.327000       25.290001       42.155998
 C        13.061000       25.618000       43.282001
 C        14.426000       25.462999       43.327000
 C        11.517000       27.169001       43.049999
 C        12.545000       26.792000       43.846001
 C        16.396999       26.462999       43.117001
 C        15.303000       26.329000       43.949001
 C        10.766000       27.989000       40.469002
 C        11.331000       28.254999       39.195000
 C        13.576000       28.420000       37.721001
 C        14.907000       28.238001       37.728001
 C        17.021999       27.448000       39.327999
 C        17.433001       26.975000       40.575001
 C        17.591000       27.958000       41.611000
 C        17.079000       27.666000       42.925999
 C        14.778000       27.547001       44.529999
 C        13.380000       27.697001       44.500999
 C        11.264000       28.511000       42.848999
 C        10.856000       28.910000       41.518002
 C        13.047000       29.593000       38.258999
 C        11.863000       29.514000       38.998001
 C        16.834999       28.818001       39.036999
 C        15.759000       29.197001       38.269001
 C        17.684999       29.281000       41.257999
 C        17.330999       29.680000       40.009998
 C        15.609000       28.718000       44.632999
 C        16.750000       28.736000       43.777000
 C        12.891000       29.042000       44.578999
 C        11.894000       29.452000       43.735001
 C        15.262000       30.474001       38.466000
 C        13.868000       30.691999       38.430000
 C        11.576000       30.490000       39.941002
 C        11.079000       30.250999       41.210999
 C        11.659000       31.181000       42.122002
 C        12.053000       30.809999       43.396000
 C        13.719000       30.167999       44.674000
 C        15.075000       30.004999       44.759998
 C        16.958000       30.066999       43.445000
 C        17.458000       30.274000       42.119999
 C        16.871000       30.962000       40.132999
 C        15.811000       31.347000       39.352001
 C        12.463000       31.607000       40.080002
 C        13.587000       31.722000       39.292999
 C        16.964001       31.424000       41.410000
 C        14.773000       32.116001       39.828999
 C        12.539000       32.068001       41.405998
 C        13.211000       31.224001       43.938999
 C        15.949000       30.827999       44.043999
 C        14.067000       32.123001       43.195999
 C        15.419000       31.881001       43.188999
 C        15.964000       32.303001       41.976002
 C        13.695000       32.467999       41.905998
 C        14.868000       32.590000       41.194000
 C         5.832000       27.681000       40.978001
 C         6.686000       28.559000       40.250999
 C         7.522000       29.466999       40.966999
 C         7.158000       29.774000       42.273998
 C         7.856000       30.802000       43.008999
 C         8.619000       30.504999       44.185001
 C         8.822000       29.226000       44.691002
 C         9.512000       29.046000       45.908001
 C        10.097000       30.163000       46.520000
 C         9.900000       31.426001       46.048000
 C         9.295000       31.625999       44.785000
 C         9.195000       32.957001       44.271999
 C         9.795000       34.000000       44.936001
 C         8.933000       35.001999       45.452000
 C         9.454000       36.112000       46.174000
 C        10.814000       36.069000       46.555000
 C        11.727000       35.226002       45.925999
 C        11.179000       34.161999       45.152000
 C         8.511000       33.099998       43.063000
 C         8.243000       34.221001       42.292999
 C         8.662000       35.527000       42.360001
 C         8.071000       36.513000       41.511002
 C         7.066000       36.146999       40.605999
 C         6.487000       37.049999       39.691002
 C         6.747000       38.424000       39.539001
 C         6.161000       39.250000       38.578999
 C         5.192000       38.738998       37.757999
 C         4.357000       39.272999       36.717999
 C         4.210000       40.584999       36.234001
 C         5.251000       41.509998       36.448002
 C         6.596000       41.182999       36.200001
 C         7.687000       42.055000       36.316002
 C         7.427000       43.313999       36.801998
 C         6.146000       43.681000       37.231998
 C         5.045000       42.817001       36.965000
 C         3.249000       40.778000       35.272999
 C         3.089000       42.026001       34.707001
 C         2.154000       42.340000       33.716000
 C         1.241000       41.386002       33.453999
 C         1.392000       40.095001       33.948002
 C         2.391000       39.747002       34.826000
 C         2.478000       38.457001       35.363998
 C         1.598000       37.402000       34.942001
 C         1.226000       37.140999       33.575001
 C         0.357000       36.040001       33.275002
 C        -0.327000       35.354000       34.250999
 C         0.026000       35.639999       35.587002
 C         0.941000       36.641998       35.916000
 C         3.476000       38.226002       36.372002
 C         3.835000       37.037998       37.074001
 C         3.487000       35.654999       37.004002
 C         3.990000       34.827999       38.006001
 C         5.063000       35.209999       38.831001
 C         5.658000       34.301998       39.703999
 C         5.342000       32.929001       39.778999
 C         5.955000       32.042999       40.660000
 C         7.007000       32.537998       41.403000
 C         7.827000       32.055000       42.428001
 C         7.313000       33.866001       41.341000
 C         6.627000       34.806999       40.563999
 C         5.493000       36.555000       38.803001
 C         4.876000       37.417000       37.952000
 C         6.245000       28.924000       42.965000
 C         5.679000       27.830000       42.317001
 H         5.419000       26.874001       40.376999
 H         6.815000       28.350000       39.192001
 H         8.382000       29.957001       40.518002
 H         8.447000       28.416000       44.071999
 H         9.517000       28.037001       46.311001
 H        10.453000       29.955999       47.526001
 H        10.326000       32.252998       46.609001
 H         7.876000       34.894001       45.224998
 H         8.717000       36.834000       46.514000
 H        11.241000       36.791000       47.245998
 H        12.771000       35.265999       46.227001
 H        11.897000       33.478001       44.707001
 H         9.451000       35.747002       43.075001
 H         8.390000       37.548000       41.605000
 H         7.603000       38.852001       40.053001
 H         6.560000       40.256001       38.476002
 H         6.848000       40.192001       35.831001
 H         8.655000       41.689999       35.980999
 H         8.167000       44.110001       36.817001
 H         5.911000       44.675999       37.601002
 H         4.075000       43.303001       37.035000
 H         3.730000       42.806000       35.110001
 H         1.938000       43.339001       33.347000
 H         0.484000       41.658001       32.722000
 H         0.555000       39.438999       33.721001
 H         1.796000       37.727001       32.856998
 H         0.103000       35.868000       32.231998
 H        -1.009000       34.561001       33.955002
 H        -0.516000       35.126999       36.375999
 H         0.986000       36.935001       36.962002
 H         2.792000       35.217999       36.292000
 H         3.569000       33.827999       38.084999
 H         4.706000       32.551998       38.981998
 H         5.619000       31.011000       40.721001
 H         6.117000       29.202000       44.007999
 H         5.012000       27.160000       42.854000
$end