    0.0141830000
   -0.0322620000
   -0.0248240000
   -0.0101140000
   -0.0176070000
   -0.0051930000
    0.0234700000
   -0.0149140000
    0.0142770000
   -0.0262920000
   -0.0522790000
    0.0124340000
   -0.0163520000
   -0.0419040000
   -0.0020610000
    0.0131170000
   -0.0223170000
   -0.0175280000
   -0.0173360000
   -0.0353420000
   -0.0763950000
   -0.0407980000
   -0.0664370000
   -0.0019380000
   -0.0367610000
   -0.0114610000
   -0.0014720000
   -0.0469270000
   -0.0221250000
   -0.0206950000
    0.0424120000
    0.0877300000
    0.0246470000
    0.0593140000
    0.0675150000
    0.0708610000
    0.0234510000
    0.0901150000
    0.0437310000
    0.1028500000
   -0.0558690000
   -0.0145950000
   -0.0010860000
   -0.0477930000
   -0.0160700000
   -0.0416930000
   -0.0189350000
   -0.0380450000
   -0.0574740000
   -0.0644680000
    0.0173530000
   -0.0339750000
    0.0021640000
   -0.0197160000
   -0.0114080000
   -0.0138450000
   -0.0458840000
   -0.0401370000
    0.0189390000
   -0.0053990000
    0.0331490000
    0.0282490000
   -0.0226420000
   -0.0234410000
   -0.0117700000
   -0.0329250000
   -0.0163200000
   -0.0095630000
   -0.0243930000
   -0.0012780000
   -0.1759750000
   -0.1676870000
   -0.2443370000
    0.0687080000
    0.0376530000
    0.0477130000
   -0.2137640000
   -0.1854590000
   -0.1285520000
   -0.2491920000
    0.1219680000
    0.0647730000
    0.0506910000
   -0.2162670000
   -0.1940290000
   -0.1627370000
   -0.1705310000
   -0.1863160000
   -0.0587800000
    0.0798880000
   -0.1918150000
   -0.2377710000
    0.0746280000
    0.0516720000
   -0.2207920000
   -0.2358610000
    0.1400000000
   -0.0652860000
    0.0550480000
   -0.0337280000
   -0.1945390000
   -0.1824710000
   -0.1896180000
   -0.1830260000
   -0.1790390000
    0.0434100000
   -0.2289530000
   -0.1869220000
   -0.1843290000
   -0.2239960000
    0.0832170000
   -0.0289580000
   -0.0254040000
   -0.1944900000
   -0.1854110000
   -0.1775040000
   -0.1888670000
   -0.1909980000
    0.0032080000
    0.0964830000
   -0.1867740000
   -0.2749680000
    0.1371630000
    0.0324030000
   -0.2451720000
   -0.2112270000
    0.0770650000
    0.0030290000
   -0.1376020000
    0.1128640000
    0.0581390000
   -0.1735910000
   -0.2221100000
   -0.1851820000
    0.1742140000
    0.1926630000
    0.1908670000
    0.1928630000
    0.1859180000
    0.1680420000
    0.1715560000
    0.1987850000
    0.1851370000
    0.1774220000
    0.1864970000
    0.1949620000
    0.1917870000
    0.1954660000
    0.1971370000
    0.1966330000
    0.1893430000
    0.1962180000
    0.1840690000
    0.1841200000
    0.1919120000
    0.1946230000
    0.1840860000
    0.1817480000
    0.1887290000
    0.1851670000
    0.1993640000
    0.1859110000
    0.1846660000
    0.1976190000
    0.1911210000
    0.1995630000
    0.2018430000
    0.1947900000
    0.1872480000
    0.1983150000
