   -0.0068450000
   -0.0148280000
   -0.0226180000
   -0.0213620000
   -0.0024040000
    0.0027600000
   -0.0161180000
   -0.0472020000
    0.0143260000
   -0.0215690000
   -0.0531680000
    0.0158660000
   -0.0163300000
   -0.0455740000
    0.0065910000
    0.0205080000
   -0.0128030000
   -0.0286390000
   -0.0341610000
   -0.0389810000
   -0.0733200000
   -0.0254430000
   -0.0715870000
   -0.0410430000
   -0.0245540000
    0.0004790000
    0.0118030000
   -0.0372680000
   -0.0538290000
   -0.0204640000
    0.0460230000
    0.1009510000
    0.0300280000
    0.0605720000
    0.0684850000
    0.0757040000
    0.0202360000
    0.0870380000
    0.0438530000
    0.1016050000
   -0.0403790000
   -0.0524190000
   -0.0428310000
   -0.0535260000
    0.0004530000
   -0.0406930000
   -0.0118710000
   -0.0394880000
   -0.0440250000
   -0.0595300000
    0.0286860000
   -0.0230290000
    0.0006780000
   -0.0177650000
   -0.0582900000
   -0.0524200000
   -0.0283200000
   -0.0364850000
    0.0136270000
    0.0074420000
    0.0176660000
   -0.0103500000
   -0.0092000000
   -0.0354650000
   -0.0046750000
   -0.0530910000
    0.0038670000
   -0.0159100000
    0.0109020000
   -0.0248310000
   -0.1750570000
   -0.1676220000
   -0.2426010000
    0.0695560000
    0.0535230000
    0.0484600000
   -0.2048870000
   -0.1821350000
   -0.1208100000
   -0.2395040000
    0.1238450000
    0.0863480000
    0.0547760000
   -0.2169640000
   -0.1923890000
   -0.1591140000
   -0.1704910000
   -0.1795400000
   -0.0548520000
    0.0884050000
   -0.1861230000
   -0.2356620000
    0.0823740000
    0.0521380000
   -0.2160800000
   -0.2360480000
    0.1436630000
   -0.0653900000
    0.0565680000
   -0.0336920000
   -0.1943930000
   -0.1824610000
   -0.1894960000
   -0.1830230000
   -0.1789130000
    0.0437180000
   -0.2286660000
   -0.1866160000
   -0.1840480000
   -0.2237180000
    0.0835790000
   -0.0275640000
   -0.0253790000
   -0.1944390000
   -0.1854010000
   -0.1774770000
   -0.1888570000
   -0.1909390000
    0.0034810000
    0.0991990000
   -0.1867600000
   -0.2715020000
    0.1374940000
    0.0364160000
   -0.2436520000
   -0.2068080000
    0.0814310000
    0.0042450000
   -0.1372110000
    0.1130650000
    0.0583010000
   -0.1734120000
   -0.2208360000
   -0.1850600000
    0.1742150000
    0.1926930000
    0.1908940000
    0.1928900000
    0.1859150000
    0.1680720000
    0.1705740000
    0.1987910000
    0.1850260000
    0.1773490000
    0.1865910000
    0.1949590000
    0.1918370000
    0.1954680000
    0.1971370000
    0.1966320000
    0.1893440000
    0.1962220000
    0.1840700000
    0.1841230000
    0.1919140000
    0.1946260000
    0.1840860000
    0.1817480000
    0.1887290000
    0.1851700000
    0.1993660000
    0.1859110000
    0.1846680000
    0.1976190000
    0.1911210000
    0.1995650000
    0.2018480000
    0.1948000000
    0.1872450000
    0.1983390000
