    0.0047890000
    0.0023260000
   -0.0272690000
   -0.0003330000
   -0.0023910000
    0.0050500000
    0.0232420000
   -0.0103800000
    0.0067550000
   -0.0207070000
   -0.0505920000
    0.0136730000
   -0.0323210000
   -0.0548830000
    0.0056850000
    0.0194310000
   -0.0187620000
   -0.0242820000
   -0.0036340000
   -0.0187970000
   -0.0505380000
   -0.0380700000
   -0.0511230000
   -0.0094850000
   -0.0377900000
   -0.0141110000
    0.0048070000
   -0.0618380000
   -0.0217700000
   -0.0144040000
    0.0454750000
    0.0875870000
    0.0205050000
    0.0501690000
    0.0642890000
    0.0709220000
    0.0179600000
    0.0838020000
    0.0500490000
    0.0987320000
   -0.0392490000
   -0.0158750000
   -0.0059460000
   -0.0275280000
   -0.0076090000
   -0.0256340000
   -0.0315910000
   -0.0409600000
   -0.0529020000
   -0.0829910000
    0.0197310000
   -0.0307730000
    0.0154660000
   -0.0030130000
   -0.0269900000
   -0.0184800000
   -0.0251830000
   -0.0245360000
   -0.0042880000
   -0.0071970000
    0.0157240000
   -0.0027810000
   -0.0139640000
   -0.0276390000
    0.0025560000
   -0.0441650000
    0.0146560000
   -0.0152520000
    0.0096590000
   -0.0065810000
   -0.1780970000
   -0.1679290000
   -0.2477380000
    0.0679700000
    0.0154850000
    0.0469250000
   -0.2260970000
   -0.1906980000
   -0.1368730000
   -0.2627770000
    0.1200430000
    0.0392440000
    0.0486970000
   -0.2182130000
   -0.1939490000
   -0.1657890000
   -0.1707980000
   -0.1887640000
   -0.0637430000
    0.0805810000
   -0.1958130000
   -0.2362090000
    0.0715140000
    0.0525740000
   -0.2202880000
   -0.2362070000
    0.1415700000
   -0.0653230000
    0.0533590000
   -0.0337110000
   -0.1945120000
   -0.1827590000
   -0.1900800000
   -0.1830290000
   -0.1795290000
    0.0431640000
   -0.2298860000
   -0.1878340000
   -0.1844810000
   -0.2252850000
    0.0834760000
   -0.0320290000
   -0.0252940000
   -0.1945220000
   -0.1855200000
   -0.1775840000
   -0.1888990000
   -0.1911650000
    0.0020690000
    0.0977480000
   -0.1876870000
   -0.2738200000
    0.1371140000
    0.0306830000
   -0.2438970000
   -0.2156940000
    0.0780770000
   -0.0028750000
   -0.1390460000
    0.1068690000
    0.0524060000
   -0.1737530000
   -0.2235830000
   -0.1860250000
    0.1742100000
    0.1926030000
    0.1908570000
    0.1928270000
    0.1859160000
    0.1679520000
    0.1714280000
    0.1987690000
    0.1851110000
    0.1774170000
    0.1864340000
    0.1949550000
    0.1917850000
    0.1954640000
    0.1971350000
    0.1966350000
    0.1893430000
    0.1962140000
    0.1840680000
    0.1841150000
    0.1919060000
    0.1946330000
    0.1840800000
    0.1817470000
    0.1887270000
    0.1851620000
    0.1993610000
    0.1859100000
    0.1846600000
    0.1976130000
    0.1911220000
    0.1995510000
    0.2018320000
    0.1947470000
    0.1872470000
    0.1982670000
