    0.0068570000
   -0.0209980000
   -0.0212260000
   -0.0164130000
   -0.0007130000
    0.0042210000
    0.0186910000
   -0.0187520000
    0.0136300000
   -0.0232870000
   -0.0430930000
    0.0079050000
   -0.0108440000
   -0.0430260000
    0.0127890000
    0.0205870000
   -0.0162320000
   -0.0197030000
   -0.0109450000
   -0.0242100000
   -0.0575650000
   -0.0363810000
   -0.0570860000
    0.0024810000
   -0.0401450000
   -0.0001270000
    0.0009120000
   -0.0508110000
   -0.0246140000
   -0.0197350000
    0.0404920000
    0.0885490000
    0.0251690000
    0.0534090000
    0.0613620000
    0.0707630000
    0.0239470000
    0.0911550000
    0.0380750000
    0.0963310000
   -0.0492210000
   -0.0174730000
   -0.0067970000
   -0.0314710000
   -0.0029260000
   -0.0319090000
   -0.0281960000
   -0.0297050000
   -0.0502690000
   -0.0652630000
    0.0223150000
   -0.0283300000
    0.0115820000
   -0.0078990000
   -0.0152540000
   -0.0129760000
   -0.0401180000
   -0.0354890000
    0.0149410000
   -0.0026240000
    0.0317400000
    0.0201900000
   -0.0196860000
   -0.0279640000
   -0.0062070000
   -0.0365800000
    0.0039780000
   -0.0114780000
   -0.0107870000
    0.0021530000
   -0.1771490000
   -0.1677490000
   -0.2464170000
    0.0675630000
    0.0208720000
    0.0463990000
   -0.2230250000
   -0.1898290000
   -0.1347440000
   -0.2587800000
    0.1198270000
    0.0442130000
    0.0489120000
   -0.2188970000
   -0.1939930000
   -0.1649590000
   -0.1707050000
   -0.1873860000
   -0.0604990000
    0.0679720000
   -0.1965740000
   -0.2437100000
    0.0662680000
    0.0489010000
   -0.2282630000
   -0.2367090000
    0.1324290000
   -0.0656330000
    0.0498260000
   -0.0339800000
   -0.1951220000
   -0.1825230000
   -0.1901730000
   -0.1830520000
   -0.1795630000
    0.0427140000
   -0.2303560000
   -0.1878760000
   -0.1855290000
   -0.2251930000
    0.0821840000
   -0.0333840000
   -0.0255100000
   -0.1946620000
   -0.1854470000
   -0.1776170000
   -0.1888940000
   -0.1912210000
    0.0032600000
    0.0900180000
   -0.1874890000
   -0.2817270000
    0.1350960000
    0.0255060000
   -0.2495450000
   -0.2170560000
    0.0677030000
    0.0011770000
   -0.1378180000
    0.1127560000
    0.0580670000
   -0.1737130000
   -0.2235040000
   -0.1854080000
    0.1742130000
    0.1926270000
    0.1908350000
    0.1928520000
    0.1859190000
    0.1679790000
    0.1715830000
    0.1987670000
    0.1850850000
    0.1774180000
    0.1864590000
    0.1949560000
    0.1917810000
    0.1954650000
    0.1971370000
    0.1966330000
    0.1893410000
    0.1962030000
    0.1840690000
    0.1841080000
    0.1919060000
    0.1946110000
    0.1840860000
    0.1817480000
    0.1887270000
    0.1851580000
    0.1993560000
    0.1859110000
    0.1846590000
    0.1976200000
    0.1911180000
    0.1995550000
    0.2018320000
    0.1947690000
    0.1872490000
    0.1982870000
