    0.0164710000
   -0.0030680000
   -0.0103430000
    0.0000070000
    0.0036140000
    0.0067310000
    0.0207600000
   -0.0136080000
    0.0206510000
   -0.0106350000
   -0.0428180000
    0.0173880000
   -0.0141950000
   -0.0462830000
    0.0092450000
    0.0217450000
   -0.0136740000
   -0.0169570000
   -0.0038590000
   -0.0192070000
   -0.0530920000
   -0.0319090000
   -0.0488030000
   -0.0025940000
   -0.0276520000
    0.0012450000
    0.0119800000
   -0.0333640000
   -0.0180750000
   -0.0015040000
    0.0427750000
    0.0872610000
    0.0251440000
    0.0557320000
    0.0629910000
    0.0728780000
    0.0179870000
    0.0801990000
    0.0414820000
    0.0986420000
   -0.0331530000
   -0.0171160000
   -0.0009480000
   -0.0281960000
    0.0017660000
   -0.0252020000
   -0.0149850000
   -0.0271320000
   -0.0466400000
   -0.0601080000
    0.0289000000
   -0.0206600000
    0.0150070000
   -0.0059290000
   -0.0221260000
   -0.0126760000
   -0.0219040000
   -0.0226750000
    0.0093890000
    0.0080250000
    0.0156070000
   -0.0002890000
   -0.0091670000
   -0.0186300000
    0.0026910000
   -0.0245120000
    0.0199900000
   -0.0000950000
    0.0162560000
   -0.0040220000
   -0.1777260000
   -0.1678230000
   -0.2458280000
    0.0677540000
    0.0220000000
    0.0399470000
   -0.2301410000
   -0.1952320000
   -0.1438320000
   -0.2674930000
    0.1128840000
    0.0430950000
    0.0479070000
   -0.2198700000
   -0.1942550000
   -0.1667240000
   -0.1708830000
   -0.1891050000
   -0.0816670000
    0.0475070000
   -0.2153870000
   -0.2561430000
    0.0447240000
    0.0284530000
   -0.2390220000
   -0.2606690000
    0.1203160000
   -0.0854380000
    0.0728190000
   -0.0320700000
   -0.1927020000
   -0.1823940000
   -0.1882550000
   -0.1829410000
   -0.1766620000
    0.0379460000
   -0.2239570000
   -0.1869410000
   -0.1854350000
   -0.2183840000
    0.0758040000
   -0.0061380000
   -0.0247450000
   -0.1939780000
   -0.1852360000
   -0.1770880000
   -0.1887210000
   -0.1894530000
   -0.0156780000
    0.0796340000
   -0.2065250000
   -0.2952630000
    0.1152700000
    0.0063610000
   -0.2680040000
   -0.2378350000
    0.0542770000
   -0.0227290000
   -0.1382990000
    0.1121130000
    0.0571790000
   -0.1737720000
   -0.2239460000
   -0.1852760000
    0.1742000000
    0.1926080000
    0.1908730000
    0.1928240000
    0.1858820000
    0.1680630000
    0.1714960000
    0.1987490000
    0.1851330000
    0.1774550000
    0.1864150000
    0.1948210000
    0.1918160000
    0.1954350000
    0.1970580000
    0.1966400000
    0.1893300000
    0.1962610000
    0.1840530000
    0.1841380000
    0.1919590000
    0.1946540000
    0.1840560000
    0.1817170000
    0.1887160000
    0.1851810000
    0.1993960000
    0.1859020000
    0.1846950000
    0.1976070000
    0.1911320000
    0.1993030000
    0.2010920000
    0.1947510000
    0.1872350000
    0.1982740000
