defa
  170
  52.8019998  54.4910018  94.9459993  53.6749998  54.6620018  96.0639994
  54.9559998  54.8940018  95.5139994  54.8769998  54.8400018  94.1009993
  53.5119998  54.6050018  93.7799993  53.3339998  55.4490019  97.1539993
  54.2519998  56.3580018  97.6699994  55.5009998  56.5720018  97.1279994
  55.8109998  55.8480018  96.0129994  56.5889998  56.7060018  95.1829994
  56.5579998  56.5770019  93.7629994  55.6429998  55.6750019  93.2689994
  55.1139998  56.2590018  92.1699994  53.7549998  56.0060018  91.8469994
  52.9759998  55.2230018  92.6819993  51.7629998  55.7690018  92.7379993
  51.0419998  55.6700018  93.8419994  51.5399998  55.0240018  94.9789994
  51.1109998  55.8030019  96.1189993  52.0359998  56.0130018  97.1759994
  50.3209998  56.8470018  94.2159994  50.4129998  56.9020018  95.6379994
  53.4779998  57.5270018  98.0389994  52.1199998  57.2850019  97.6849993
  51.7429998  56.8830018  91.8689993  52.9969998  57.0450018  91.3779994
  55.6439998  57.5260019  91.9739993  56.4789998  57.7120018  92.9929993
  56.7879998  57.9100019  95.8609994  56.0609998  57.8440018  97.0009994
  55.2929998  58.9970018  97.4499993  54.0129998  58.8550018  97.9789994
  51.3249998  58.3480018  97.2229994  50.4129998  58.1450018  96.2159994
  50.2659998  58.0050018  93.3879994  50.9789998  57.9730018  92.1869994
  54.9049998  58.5410019  91.4179994  53.5729998  58.3070018  91.1529994
  56.8259998  59.0750018  95.0709993  56.6639998  58.9550019  93.6619994
  55.5899998  60.2090018  96.8089993  56.3689998  60.2480018  95.6479993
  51.7379998  59.6680018  97.5119993  53.0679998  59.8860018  97.8839994
  50.0059998  59.2480018  95.4119994  49.9059998  59.1510019  94.0699994
  56.0719998  59.9690018  92.9519993  55.2759998  59.8500018  91.8259994
  52.6759998  59.4030018  91.1799994  51.3639998  59.2280018  91.6979994
  50.9899998  60.4130019  92.2989994  50.2559998  60.3950018  93.4989993
  50.4749998  60.4870018  95.6969993  51.2609998  60.7330018  96.7809994
  53.3689998  61.1560018  97.2969993  54.6729998  61.2850019  96.7249994
  55.8869998  61.3010018  94.8759994  55.7329998  61.1780019  93.4819993
  53.0499998  60.6890018  91.4589993  54.3749998  60.8710018  91.8289994
  54.8719998  61.9610019  95.5479993  54.6959998  61.7690018  92.8239994
  52.0199998  61.3060019  92.1119994  50.5199998  61.2590018  94.5429994
  52.2619998  61.7080019  96.6499994  51.6269998  62.1930019  94.3899994
  52.4569998  62.4200018  95.4869994  53.7789998  62.5390018  94.9309994
  52.3509998  62.1730018  93.1829994  53.6869998  62.4250019  93.5459994
  47.4790075  63.2329969 105.6599916  48.7420064  63.6210171 105.4410111
  49.5129939  62.8969991 104.5480011  49.0609998  61.6880018 104.0329994
  50.0059998  60.7620018 103.5409993  49.7639998  60.0880018 102.3449993
  48.5819747  60.3460165 101.5870081  48.3439783  59.7240074 100.3929865
  49.2550010  58.8329733  99.9099418  50.4280161  58.5889823 100.6239866
  50.7499998  59.1900019 101.8409994  51.9389998  58.9280019 102.5759994
  53.0669998  58.2970019 101.9599994  53.0110101  57.0300103 101.4289978
  54.2260007  56.4879913 100.9459955  55.3450013  57.3230011 100.8499987
  55.3230277  58.5770242 101.2389953  54.1949992  59.0749808 101.8919888
  52.1019998  59.5420018 103.8149993  53.0519998  59.3420018 104.8019994
  54.2439959  58.5430104 104.9590087  54.9719813  58.6130160 106.1099993
  54.6669998  59.4980018 107.1799994  55.3329998  59.5930018 108.3909994
  56.5040012  58.8539992 108.6079963  57.2359810  58.9780111 109.8369987
  56.7249998  59.7830018 110.8979993  57.0819998  60.1810019 112.1619994
  58.1569998  59.7200018 113.0129994  58.9539998  58.6750019 112.6189993
  60.3780121  58.9180280 112.4450070  61.2069822  57.9819956 111.8160043
  60.6240169  56.7719829 111.4199824  59.2609905  56.5389825 111.6239933
  58.4560156  57.4200047 112.2259971  58.3669998  60.3820018 114.2469993
  59.3199745  59.9000463 115.1570095  59.4420094  60.5309966 116.3830086
  58.7089988  61.6629992 116.6739945  57.7639599  62.1500425 115.8320157
  57.5629998  61.5220018 114.5889993  56.4459998  61.8700018 113.7739993
  55.5339998  62.9280019 114.1349994  55.8100459  64.3240154 113.9879798
  54.7709980  65.2959851 113.9830049  53.5260056  64.8829968 114.4379994
  53.2850105  63.5270050 114.7249962  54.2710034  62.5290128 114.5039988
  56.1899998  61.1790018 112.5659993  55.3089998  61.4270018 111.5749993
  54.2929982  62.3880057 111.3350037  53.5109544  62.3040465 110.1509916
  53.7999998  61.3510018 109.1909993  53.0219998  61.1260018 108.0359993
  51.7919861  61.7890199 107.8750235  51.0200025  61.5180013 106.6899996
  51.5749998  60.7580018 105.6139994  51.1799998  60.4540018 104.2809994
  52.7079998  60.0990018 105.9199994  53.4379998  60.2050019 107.0639994
  54.9019998  60.4900018 109.3489993  55.6499998  60.5480018 110.5729994
  47.7690098  61.3150318 104.3080083  46.8690429  62.1100148 105.0659840
  46.7749077  63.6800603 106.3570905  49.0939212  64.4348201 106.0698590
  50.4680706  63.3240336 104.2529775  47.6832990  60.8708271 101.9008949
  47.4322560  59.9599355  99.8501519  49.2759850  58.3493421  98.9366843
  51.0528055  57.8432337 100.1391502  52.1788776  56.3419008 101.5540177
  54.3159887  55.4691275 100.5780447  56.2459822  56.8960101 100.4170078
  56.1676669  59.2497367 101.1140486  54.2250075  60.0472524 102.3771244
  54.5630464  57.8398991 104.1938876  55.8332198  57.9498324 106.1150007
  56.8509834  58.1940330 107.8170368  58.2092240  58.4948905 109.8680064
  60.8228538  59.8706891 112.7209088  62.1982100  58.3300757 111.5369402
  61.2297965  56.1002273 110.8172017  58.8081103  55.5952320 111.3310708
  57.3968120  57.2249672 112.3730255  59.8463008  58.9724713 114.9468791
  60.1728854  60.1340639 117.0828899  58.9040119  62.1800340 117.6100575
  57.0324749  62.8965169 116.1308052  56.7764505  64.6078405 113.5792317
  54.8810211  66.3232008 113.6449339  52.6989304  65.5880610 114.4179977
  52.2818721  63.2319642 115.0220372  53.9319571  61.4978718 114.5620067
  54.0050187  63.0959554 112.1079487  52.7415413  63.0604695 110.0190922
  51.3431631  62.3807865 108.6687107  49.9599679  61.7340083 106.5839961
  47.4378810  60.3226457 104.0128935  45.8834863  61.8128470 105.4151814
  59.4659996  68.8960037  98.2939987  90.0000000  90.0000000  90.0000000
