   -0.0203850000
   -0.0155240000
   -0.0494460000
   -0.0057660000
   -0.0083600000
   -0.0093890000
   -0.0109960000
    0.0023170000
    0.0346810000
   -0.0409130000
   -0.0234920000
    0.0321540000
   -0.0069330000
    0.0091100000
   -0.0294920000
   -0.0456610000
   -0.0142740000
    0.0253470000
   -0.0257350000
   -0.0099750000
   -0.0346380000
   -0.0687000000
   -0.0443330000
   -0.0468030000
   -0.0449620000
   -0.0096260000
   -0.0450740000
   -0.0020490000
   -0.0579470000
   -0.0373160000
    0.0919000000
    0.0122970000
    0.0777180000
    0.0636120000
    0.0186810000
    0.0558870000
    0.0641750000
    0.0166250000
    0.0515250000
    0.0665680000
   -0.0318130000
   -0.0314780000
   -0.0634410000
   -0.0608190000
   -0.0609500000
   -0.0334180000
   -0.0427020000
   -0.0262060000
   -0.0241890000
   -0.0412930000
   -0.0242880000
   -0.0322560000
   -0.0213110000
   -0.0402520000
    0.0271870000
    0.0113260000
   -0.0075900000
   -0.0311970000
   -0.0364010000
   -0.0114830000
   -0.0352000000
   -0.0014950000
   -0.0274410000
   -0.0132010000
   -0.0275490000
    0.0023220000
   -0.0358820000
   -0.0441930000
   -0.0669520000
   -0.0279750000
   -0.1807090000
   -0.1944350000
   -0.2132510000
    0.0592300000
    0.1069540000
    0.0398180000
   -0.2268780000
   -0.1675830000
   -0.1738720000
   -0.2288820000
    0.0811000000
    0.0195230000
    0.0047490000
   -0.1875940000
   -0.1949230000
   -0.1738720000
   -0.1891250000
   -0.1961900000
   -0.0348520000
    0.1786920000
   -0.2394900000
   -0.1995350000
    0.0718300000
    0.0593230000
   -0.2181160000
   -0.1876020000
    0.1019350000
   -0.0910040000
    0.0616650000
    0.0166040000
   -0.1919600000
   -0.1743790000
   -0.2001980000
   -0.1686390000
   -0.2035000000
    0.0843400000
   -0.2554220000
   -0.1681940000
   -0.1854490000
   -0.2391450000
    0.0968380000
    0.0021730000
    0.0287450000
   -0.2162440000
   -0.1801500000
   -0.1779950000
   -0.1784560000
   -0.2074290000
    0.0637020000
    0.1577830000
   -0.2707620000
   -0.1845810000
    0.0780100000
    0.0947900000
   -0.1787400000
   -0.2184300000
    0.1635100000
   -0.0421710000
   -0.1871070000
    0.1305960000
    0.0595390000
   -0.0987370000
   -0.2195230000
   -0.1718330000
    0.1765110000
    0.1935170000
    0.1959480000
    0.1894000000
    0.1858720000
    0.1809200000
    0.1889760000
    0.1969780000
    0.1826740000
    0.1876020000
    0.1912970000
    0.1927580000
    0.1953570000
    0.2085380000
    0.1839970000
    0.1942210000
    0.1926100000
    0.1912180000
    0.1681310000
    0.2019790000
    0.1845770000
    0.1899670000
    0.1843170000
    0.1846490000
    0.1906300000
    0.1846580000
    0.1925610000
    0.1764210000
    0.1921520000
    0.1817600000
    0.1964190000
    0.1658080000
    0.2005950000
    0.1870370000
    0.1902450000
    0.2005410000
