   -0.0237630000
    0.0077770000
   -0.0345240000
   -0.0029250000
    0.0172390000
    0.0023830000
   -0.0189360000
   -0.0020550000
    0.0408840000
   -0.0560130000
   -0.0354910000
    0.0348870000
   -0.0298630000
   -0.0115090000
   -0.0187560000
   -0.0478790000
   -0.0344910000
    0.0225460000
   -0.0114120000
    0.0060850000
   -0.0131270000
   -0.0677900000
   -0.0217270000
   -0.0527190000
   -0.0850490000
   -0.0196630000
   -0.0626300000
   -0.0369140000
   -0.0651920000
   -0.0460370000
    0.0917040000
    0.0124290000
    0.0773640000
    0.0617760000
    0.0192660000
    0.0545550000
    0.0641680000
    0.0134990000
    0.0515710000
    0.0639520000
   -0.0422200000
   -0.0328530000
   -0.0655150000
   -0.0333560000
   -0.0668970000
    0.0011160000
   -0.0845360000
   -0.0305510000
   -0.0245010000
   -0.0708160000
   -0.0316800000
   -0.0355700000
    0.0056830000
   -0.0005690000
    0.0255200000
    0.0101870000
   -0.0136490000
   -0.0375620000
   -0.0775370000
   -0.0632210000
   -0.0188550000
   -0.0031840000
    0.0144510000
   -0.0198540000
   -0.0037300000
   -0.0003470000
    0.0104450000
   -0.0139350000
   -0.0093430000
   -0.0287210000
   -0.1818840000
   -0.1946610000
   -0.2139430000
    0.0583830000
    0.1023590000
    0.0393710000
   -0.2280080000
   -0.1681440000
   -0.1747510000
   -0.2297420000
    0.0804300000
    0.0162500000
    0.0046960000
   -0.1877330000
   -0.1949620000
   -0.1739240000
   -0.1891490000
   -0.1963650000
   -0.0347980000
    0.1756110000
   -0.2407910000
   -0.2014930000
    0.0697080000
    0.0591710000
   -0.2202720000
   -0.1873940000
    0.1001930000
   -0.0904290000
    0.0637640000
    0.0168320000
   -0.1917220000
   -0.1743780000
   -0.1999270000
   -0.1686060000
   -0.2032500000
    0.0841490000
   -0.2543350000
   -0.1678200000
   -0.1847180000
   -0.2379810000
    0.0969590000
    0.0032970000
    0.0290380000
   -0.2161760000
   -0.1800340000
   -0.1776980000
   -0.1784520000
   -0.2069470000
    0.0640110000
    0.1537110000
   -0.2700820000
   -0.1909600000
    0.0752780000
    0.0894170000
   -0.1836640000
   -0.2199950000
    0.1570440000
   -0.0423120000
   -0.1870890000
    0.1307110000
    0.0598770000
   -0.0987030000
   -0.2203370000
   -0.1718700000
    0.1766100000
    0.1935030000
    0.1959510000
    0.1893800000
    0.1858710000
    0.1809190000
    0.1889730000
    0.1969730000
    0.1826680000
    0.1876020000
    0.1912900000
    0.1927540000
    0.1953560000
    0.2085380000
    0.1840000000
    0.1942220000
    0.1926010000
    0.1912250000
    0.1681300000
    0.2019830000
    0.1845850000
    0.1899690000
    0.1843230000
    0.1846500000
    0.1906330000
    0.1846600000
    0.1925650000
    0.1764310000
    0.1920820000
    0.1817590000
    0.1964570000
    0.1680210000
    0.2008460000
    0.1869020000
    0.1902410000
    0.2005470000
