   -0.0395390000
   -0.0035710000
   -0.0355750000
   -0.0269620000
    0.0164650000
   -0.0021230000
   -0.0337650000
   -0.0206760000
    0.0420850000
   -0.0361000000
   -0.0351380000
    0.0224310000
   -0.0080420000
    0.0114460000
   -0.0168690000
   -0.0288200000
   -0.0082050000
    0.0172330000
   -0.0144720000
    0.0113110000
   -0.0108750000
   -0.0428590000
   -0.0277610000
   -0.0813720000
   -0.0442440000
   -0.0019970000
   -0.0475730000
    0.0000690000
   -0.0976310000
   -0.0446830000
    0.0914420000
    0.0120070000
    0.0739680000
    0.0621550000
    0.0193080000
    0.0546950000
    0.0641170000
    0.0159380000
    0.0483570000
    0.0660460000
   -0.0344390000
   -0.0771140000
   -0.1076000000
   -0.0373840000
   -0.0392580000
   -0.0071960000
   -0.0428370000
   -0.0281180000
   -0.0042930000
   -0.0389340000
   -0.0115300000
   -0.0170170000
    0.0033340000
   -0.0120620000
   -0.0205910000
   -0.0307240000
   -0.0095270000
   -0.0344060000
   -0.0305640000
   -0.0126810000
   -0.0177180000
   -0.0335790000
    0.0172560000
   -0.0532410000
   -0.0214950000
   -0.0463420000
   -0.0141680000
   -0.0213350000
   -0.0092600000
   -0.0794520000
   -0.1826600000
   -0.1947360000
   -0.2140340000
    0.0579530000
    0.1025180000
    0.0394520000
   -0.2282820000
   -0.1682680000
   -0.1747660000
   -0.2299170000
    0.0805870000
    0.0166040000
    0.0046840000
   -0.1877330000
   -0.1949500000
   -0.1739260000
   -0.1891430000
   -0.1963500000
   -0.0348750000
    0.1792260000
   -0.2402690000
   -0.1983060000
    0.0712910000
    0.0618300000
   -0.2173960000
   -0.1862230000
    0.1042510000
   -0.0907450000
    0.0664930000
    0.0170010000
   -0.1914430000
   -0.1743500000
   -0.1997040000
   -0.1685450000
   -0.2030250000
    0.0847000000
   -0.2536880000
   -0.1669940000
   -0.1842980000
   -0.2368670000
    0.0971980000
    0.0068510000
    0.0292660000
   -0.2156850000
   -0.1800600000
   -0.1774020000
   -0.1784920000
   -0.2067610000
    0.0640340000
    0.1593110000
   -0.2689420000
   -0.1856800000
    0.0794630000
    0.0913530000
   -0.1789710000
   -0.2201680000
    0.1611280000
   -0.0433950000
   -0.1875570000
    0.1304840000
    0.0595120000
   -0.0987750000
   -0.2207710000
   -0.1719100000
    0.1765730000
    0.1935020000
    0.1959500000
    0.1893780000
    0.1858690000
    0.1809190000
    0.1889740000
    0.1969730000
    0.1826680000
    0.1876020000
    0.1912900000
    0.1927540000
    0.1953580000
    0.2085390000
    0.1840020000
    0.1942240000
    0.1926100000
    0.1912340000
    0.1681310000
    0.2019880000
    0.1845940000
    0.1899710000
    0.1843310000
    0.1846510000
    0.1906370000
    0.1846610000
    0.1925730000
    0.1763160000
    0.1921300000
    0.1817640000
    0.1960660000
    0.1682060000
    0.2008080000
    0.1869090000
    0.1902440000
    0.2005290000
