   -0.0151390000
    0.0086640000
   -0.0276100000
   -0.0009910000
    0.0187680000
    0.0029400000
   -0.0102070000
    0.0037930000
    0.0437750000
   -0.0292720000
   -0.0191810000
    0.0348480000
   -0.0063670000
    0.0111740000
   -0.0164760000
   -0.0285130000
   -0.0046830000
    0.0259950000
   -0.0046530000
    0.0147570000
   -0.0053000000
   -0.0413470000
   -0.0153650000
   -0.0441930000
   -0.0430340000
    0.0024670000
   -0.0360970000
    0.0022630000
   -0.0570730000
   -0.0267020000
    0.0923700000
    0.0126920000
    0.0774500000
    0.0627770000
    0.0199140000
    0.0560380000
    0.0656200000
    0.0165550000
    0.0515340000
    0.0664740000
   -0.0181300000
   -0.0289860000
   -0.0602210000
   -0.0282410000
   -0.0337110000
    0.0041980000
   -0.0369420000
   -0.0130740000
    0.0017160000
   -0.0351950000
   -0.0010510000
   -0.0092710000
    0.0112770000
    0.0024230000
    0.0296230000
    0.0136520000
    0.0084580000
   -0.0133660000
   -0.0260590000
   -0.0044220000
   -0.0077290000
    0.0016840000
    0.0176380000
   -0.0093410000
   -0.0045680000
    0.0138540000
    0.0119560000
   -0.0018150000
   -0.0044620000
   -0.0192900000
   -0.1880760000
   -0.1955030000
   -0.2172800000
    0.0554450000
    0.0826060000
    0.0296130000
   -0.2349640000
   -0.1738610000
   -0.1847790000
   -0.2332720000
    0.0674700000
    0.0106520000
    0.0046450000
   -0.1882430000
   -0.1950460000
   -0.1741170000
   -0.1892580000
   -0.1964580000
   -0.0558740000
    0.1324540000
   -0.2706240000
   -0.2356120000
    0.0273600000
    0.0298890000
   -0.2545590000
   -0.2073350000
    0.0588290000
   -0.1071960000
    0.0548550000
    0.0165500000
   -0.1922850000
   -0.1745830000
   -0.2014620000
   -0.1686030000
   -0.2049260000
    0.0744610000
   -0.2578840000
   -0.1769990000
   -0.1903910000
   -0.2456280000
    0.0886920000
   -0.0137770000
    0.0271000000
   -0.2182170000
   -0.1805560000
   -0.1801070000
   -0.1785020000
   -0.2092750000
    0.0445030000
    0.0988670000
   -0.2942260000
   -0.2451940000
    0.0320490000
    0.0314980000
   -0.2355530000
   -0.2479170000
    0.0944240000
   -0.0669620000
   -0.1901950000
    0.1293940000
    0.0588710000
   -0.0997110000
   -0.2242320000
   -0.1721250000
    0.1766150000
    0.1934580000
    0.1959320000
    0.1892350000
    0.1858310000
    0.1808870000
    0.1889350000
    0.1969380000
    0.1826450000
    0.1875960000
    0.1912570000
    0.1927600000
    0.1952020000
    0.2083540000
    0.1839640000
    0.1942260000
    0.1924370000
    0.1911790000
    0.1681000000
    0.2019580000
    0.1845210000
    0.1899400000
    0.1842270000
    0.1846240000
    0.1905910000
    0.1846400000
    0.1925060000
    0.1765330000
    0.1920950000
    0.1817480000
    0.1964230000
    0.1679190000
    0.2009340000
    0.1870050000
    0.1902020000
    0.2004550000
