   -0.0146200000
   -0.0366980000
    0.0084380000
   -0.0008570000
   -0.0166680000
   -0.0118340000
   -0.0136680000
   -0.0118430000
    0.0105740000
   -0.0082140000
   -0.0319760000
    0.0115030000
   -0.0418730000
    0.0151930000
    0.0298670000
   -0.0388940000
   -0.0220090000
    0.0065240000
   -0.0266430000
    0.0306650000
   -0.0319290000
   -0.0192570000
   -0.0479510000
   -0.0235330000
    0.0025920000
   -0.0479040000
    0.0131140000
   -0.0148930000
   -0.0731370000
   -0.0222310000
    0.0045160000
    0.1041410000
   -0.0075820000
    0.0679060000
    0.0603570000
    0.0534940000
    0.0576890000
    0.0822920000
    0.1137080000
    0.0504320000
    0.0374800000
   -0.0546440000
   -0.0047930000
   -0.0512050000
   -0.0248260000
   -0.0210320000
   -0.0300310000
   -0.0531430000
   -0.0093840000
   -0.0207140000
   -0.0295150000
    0.0316720000
   -0.0196530000
   -0.0052880000
   -0.0109220000
   -0.0330690000
   -0.0034900000
   -0.0014710000
   -0.0589790000
    0.0226020000
   -0.0503850000
   -0.0210210000
    0.0137970000
   -0.0206660000
    0.0141760000
   -0.0069580000
   -0.0248750000
   -0.0278010000
    0.0236970000
   -0.0046330000
   -0.1713300000
   -0.2076840000
   -0.1760420000
   -0.0329040000
   -0.0309620000
    0.1275470000
   -0.2301780000
   -0.1832610000
   -0.1800640000
   -0.2157100000
    0.0040510000
    0.0630110000
   -0.0308610000
   -0.2021470000
   -0.1834180000
   -0.1877510000
   -0.1890300000
   -0.1959630000
    0.0020390000
    0.0752620000
   -0.2385470000
   -0.2568370000
    0.0840380000
    0.0963850000
   -0.2749160000
   -0.2428670000
    0.1091380000
   -0.0548350000
    0.0498900000
    0.0239080000
   -0.2298600000
   -0.1629170000
   -0.1927020000
   -0.1805910000
   -0.2386560000
    0.1278080000
   -0.2683830000
   -0.1717880000
   -0.1853550000
   -0.2698580000
    0.0889680000
    0.0160100000
    0.0213190000
   -0.2061330000
   -0.2077340000
   -0.1671870000
   -0.1928120000
   -0.2150910000
   -0.0727830000
    0.0869970000
   -0.2113140000
   -0.2486540000
    0.0243250000
    0.0757900000
   -0.2536420000
   -0.1996290000
    0.1386230000
   -0.0278280000
   -0.1464680000
    0.0459070000
    0.0815370000
   -0.1613290000
   -0.2015700000
   -0.1885040000
    0.1951200000
    0.1896980000
    0.1933710000
    0.1956770000
    0.1935530000
    0.1838330000
    0.1950470000
    0.1962920000
    0.1965910000
    0.1871570000
    0.2018650000
    0.1880390000
    0.1997960000
    0.2079740000
    0.1909080000
    0.2023960000
    0.1858950000
    0.2025850000
    0.1889950000
    0.1959510000
    0.1991860000
    0.1821440000
    0.1927460000
    0.1845800000
    0.1999680000
    0.2005600000
    0.1878660000
    0.1994670000
    0.1882070000
    0.1980280000
    0.2100370000
    0.2037420000
    0.1985700000
    0.2093870000
    0.1943820000
    0.1902100000
