   -0.0011200000
   -0.0147000000
   -0.0360270000
    0.0005900000
   -0.0180850000
    0.0021740000
    0.0066770000
   -0.0235230000
   -0.0020210000
   -0.0291580000
   -0.0593940000
    0.0179680000
   -0.0399680000
   -0.0595410000
   -0.0029200000
    0.0115970000
   -0.0127690000
   -0.0351460000
   -0.0359660000
   -0.0620910000
   -0.0704610000
   -0.0395100000
   -0.0590850000
    0.0082820000
   -0.0240670000
   -0.0021240000
    0.0193850000
   -0.0482020000
   -0.0126090000
   -0.0049010000
    0.0406830000
    0.0772380000
   -0.0030290000
    0.0526290000
    0.0442020000
    0.0659540000
   -0.0050510000
    0.0804460000
    0.0337350000
    0.1035070000
   -0.0348270000
   -0.0174410000
    0.0097980000
   -0.0378320000
    0.0014340000
   -0.0330300000
   -0.0323550000
   -0.0136000000
   -0.0533420000
   -0.0608830000
    0.0286030000
   -0.0406590000
   -0.0249200000
   -0.0297440000
   -0.0306590000
   -0.0148450000
   -0.0310760000
   -0.0409350000
    0.0043020000
   -0.0225300000
   -0.0087820000
    0.0062830000
   -0.0381260000
   -0.0325320000
   -0.0047970000
   -0.0470040000
    0.0156310000
   -0.0236460000
   -0.0108170000
   -0.0119080000
   -0.1742380000
   -0.1620470000
   -0.2411800000
    0.0602450000
    0.0384280000
    0.0462110000
   -0.2131830000
   -0.1827400000
   -0.1311160000
   -0.2664740000
    0.1281760000
    0.0739410000
    0.0337440000
   -0.2072880000
   -0.1955770000
   -0.1558620000
   -0.1675400000
   -0.1774870000
   -0.0797040000
    0.0989870000
   -0.1922520000
   -0.2218280000
    0.0743270000
    0.0485190000
   -0.2015910000
   -0.2372990000
    0.1666090000
   -0.0735840000
    0.0850400000
   -0.0491400000
   -0.1814890000
   -0.1785640000
   -0.1802710000
   -0.1824420000
   -0.1654820000
    0.0424170000
   -0.2157880000
   -0.1762940000
   -0.1742260000
   -0.2111280000
    0.0885360000
   -0.0050180000
   -0.0498360000
   -0.1796430000
   -0.1857370000
   -0.1692310000
   -0.1875900000
   -0.1766280000
    0.0027440000
    0.1151030000
   -0.1872280000
   -0.2555650000
    0.1391290000
    0.0242770000
   -0.2258020000
   -0.2190530000
    0.1011660000
   -0.0034600000
   -0.1588940000
    0.1247910000
    0.0652010000
   -0.1940050000
   -0.2189210000
   -0.1772570000
    0.1730180000
    0.1891070000
    0.1881420000
    0.1946660000
    0.1821450000
    0.1742310000
    0.1856030000
    0.1961510000
    0.1838930000
    0.1757370000
    0.1828460000
    0.1958550000
    0.1937320000
    0.1939780000
    0.1959540000
    0.1985240000
    0.1886300000
    0.1924890000
    0.1814270000
    0.1814670000
    0.1899050000
    0.1964930000
    0.1805080000
    0.1787050000
    0.1901240000
    0.1835570000
    0.1955840000
    0.1832340000
    0.1819920000
    0.1950860000
    0.1975880000
    0.1967190000
    0.1988650000
    0.2004130000
    0.1881480000
    0.1942140000
