   -0.0452740000
    0.0558720000
   -0.0559900000
   -0.0183390000
    0.0050580000
   -0.0052530000
    0.0056980000
   -0.0248080000
    0.0052810000
   -0.0287880000
   -0.0344730000
   -0.0224720000
   -0.0228620000
   -0.0138830000
    0.0397000000
   -0.0157050000
   -0.0687920000
    0.0125310000
   -0.0066320000
   -0.0707870000
   -0.0040380000
   -0.0636040000
   -0.0321900000
    0.0309050000
   -0.0858760000
   -0.0016160000
   -0.0143410000
   -0.0657570000
   -0.0105850000
   -0.0117170000
   -0.0089940000
    0.0979520000
   -0.0068270000
    0.1183410000
    0.0074070000
    0.0914870000
    0.0594420000
    0.0092840000
    0.0627810000
    0.0139350000
    0.0041450000
   -0.0309820000
   -0.0150480000
   -0.0366140000
   -0.0876510000
   -0.0070990000
   -0.0519280000
   -0.0404910000
   -0.0344980000
   -0.0948220000
    0.0136270000
   -0.0272460000
    0.0244970000
    0.0334000000
   -0.0203640000
   -0.0190120000
   -0.0222680000
    0.0004740000
   -0.0154840000
    0.0039070000
   -0.0261210000
   -0.0174750000
   -0.0458270000
   -0.0306260000
   -0.0140810000
   -0.0334000000
   -0.0120430000
   -0.0268840000
   -0.0087730000
   -0.0169750000
   -0.1629670000
   -0.1977550000
   -0.1745860000
    0.0061530000
   -0.0270390000
    0.0928080000
   -0.2241540000
   -0.1860080000
   -0.1445830000
   -0.2669850000
    0.0441900000
    0.1165900000
   -0.0160840000
   -0.1704650000
   -0.1895900000
   -0.1537180000
   -0.1850810000
   -0.1951220000
   -0.0989060000
    0.1363320000
   -0.2170490000
   -0.2186510000
    0.0706210000
    0.0537270000
   -0.2190500000
   -0.2093920000
    0.1081580000
   -0.0478230000
    0.1027430000
   -0.0056420000
   -0.1882200000
   -0.1993390000
   -0.1674970000
   -0.1853980000
   -0.1784450000
    0.0461270000
   -0.2629530000
   -0.1840330000
   -0.1718430000
   -0.2251130000
    0.1234210000
   -0.0417700000
   -0.0041870000
   -0.1869340000
   -0.1797380000
   -0.1817240000
   -0.1740760000
   -0.2204720000
    0.0378790000
    0.1712120000
   -0.2403260000
   -0.2274750000
    0.0385950000
    0.1132710000
   -0.2212950000
   -0.2091770000
    0.1593410000
    0.0110520000
   -0.1085470000
    0.0011310000
    0.1206000000
   -0.1551540000
   -0.1698190000
   -0.2044640000
    0.1902650000
    0.1822530000
    0.1939690000
    0.2002660000
    0.1710140000
    0.1853670000
    0.1820120000
    0.1937570000
    0.1788890000
    0.1842120000
    0.1791790000
    0.1947120000
    0.2041010000
    0.1886100000
    0.1888910000
    0.2043270000
    0.1931020000
    0.1847300000
    0.1898870000
    0.1830350000
    0.1921000000
    0.1969700000
    0.1741280000
    0.1901760000
    0.1928190000
    0.1891210000
    0.1937410000
    0.1801060000
    0.1873620000
    0.1949760000
    0.1970790000
    0.1936640000
    0.1837170000
    0.2142750000
    0.1902000000
    0.1812830000
