   -0.0432050000
   -0.0022840000
   -0.0422340000
   -0.0351490000
    0.0126770000
   -0.0171970000
   -0.0386790000
   -0.0274460000
    0.0494470000
   -0.0499990000
   -0.0416180000
    0.0215360000
   -0.0195510000
    0.0187460000
   -0.0180070000
   -0.0307200000
   -0.0107500000
    0.0148470000
   -0.0232320000
    0.0170060000
   -0.0076560000
   -0.0435510000
   -0.0158720000
   -0.0935130000
   -0.0529010000
    0.0071890000
   -0.0589210000
   -0.0004640000
   -0.0988200000
   -0.0509510000
    0.0913080000
    0.0020230000
    0.0843970000
    0.0584480000
    0.0058790000
    0.0759530000
    0.0754290000
    0.0016730000
    0.0466280000
    0.0657190000
   -0.0341150000
   -0.0746980000
   -0.1116920000
   -0.0314230000
   -0.0403720000
    0.0022620000
   -0.0345320000
   -0.0440520000
    0.0119910000
   -0.0523350000
    0.0035870000
   -0.0207460000
    0.0014880000
   -0.0050510000
   -0.0122220000
   -0.0211920000
   -0.0129120000
   -0.0436520000
   -0.0266490000
   -0.0076950000
   -0.0095570000
   -0.0216050000
    0.0125590000
   -0.0318250000
   -0.0178210000
   -0.0229330000
   -0.0136940000
   -0.0160240000
   -0.0081600000
   -0.0642700000
   -0.1894670000
   -0.1917230000
   -0.2136710000
    0.0439960000
    0.0606220000
    0.0662170000
   -0.2421210000
   -0.1462470000
   -0.1681750000
   -0.2336130000
    0.0981750000
   -0.0092880000
   -0.0139300000
   -0.1752740000
   -0.1941180000
   -0.1670680000
   -0.1873000000
   -0.1830810000
    0.0240090000
    0.1795050000
   -0.2395960000
   -0.2063180000
    0.0782810000
    0.0506380000
   -0.2376770000
   -0.1933750000
    0.0814810000
   -0.0778280000
    0.0302650000
    0.0040930000
   -0.1941190000
   -0.1676020000
   -0.2036470000
   -0.1615640000
   -0.2018970000
    0.0967180000
   -0.2642110000
   -0.1450830000
   -0.1841490000
   -0.2371210000
    0.1143350000
   -0.0193890000
    0.0270230000
   -0.2095120000
   -0.1746310000
   -0.1732380000
   -0.1725080000
   -0.2071360000
    0.1279090000
    0.1273700000
   -0.2645990000
   -0.2412580000
    0.0638390000
    0.0696910000
   -0.2185840000
   -0.2312320000
    0.1224530000
   -0.0070140000
   -0.1566830000
    0.1592800000
    0.1020500000
   -0.0954680000
   -0.2271070000
   -0.1641330000
    0.1765110000
    0.1899970000
    0.1954200000
    0.1924720000
    0.1817850000
    0.1773760000
    0.1910060000
    0.1939430000
    0.1800440000
    0.1843150000
    0.1877840000
    0.1889730000
    0.1955010000
    0.2052840000
    0.1840740000
    0.1971270000
    0.1931680000
    0.1875230000
    0.1675730000
    0.1964030000
    0.1833180000
    0.1929550000
    0.1809240000
    0.1815830000
    0.1929570000
    0.1832380000
    0.1884450000
    0.1752530000
    0.1882590000
    0.1837620000
    0.2002920000
    0.1816110000
    0.2070420000
    0.1924720000
    0.1908780000
    0.1956860000
