   -0.0435040000
    0.0052350000
   -0.0849950000
   -0.0084900000
    0.0004710000
   -0.0233590000
   -0.0243090000
   -0.0017300000
    0.0019470000
   -0.0491850000
   -0.0459710000
    0.0299330000
   -0.0536590000
    0.0007810000
   -0.0289740000
   -0.0347180000
   -0.0093740000
    0.0131270000
   -0.0400230000
   -0.0120720000
   -0.0006260000
   -0.0434690000
   -0.0221540000
   -0.0525680000
   -0.0541940000
    0.0077290000
   -0.0383990000
   -0.0110690000
   -0.0686990000
   -0.0441910000
    0.0843430000
   -0.0448840000
    0.0841330000
    0.0384010000
    0.0060310000
    0.0754420000
    0.0698580000
   -0.0121970000
    0.0439880000
    0.0262120000
   -0.0258580000
   -0.0365610000
   -0.0696490000
   -0.0315100000
   -0.0387670000
    0.0109410000
   -0.0371840000
   -0.0284180000
    0.0110740000
   -0.0532050000
    0.0031270000
   -0.0240020000
   -0.0078480000
   -0.0252610000
    0.0133830000
    0.0108990000
    0.0012210000
   -0.0405380000
   -0.0424690000
   -0.0320830000
   -0.0538610000
   -0.0051760000
    0.0010360000
   -0.0145520000
   -0.0201160000
    0.0018710000
    0.0002980000
   -0.0359660000
   -0.0164610000
   -0.0227760000
   -0.1813830000
   -0.1909100000
   -0.2078700000
    0.0478180000
    0.1085010000
    0.0419600000
   -0.2236790000
   -0.1565820000
   -0.1671170000
   -0.2199500000
    0.0803230000
    0.0244950000
   -0.0143390000
   -0.1741750000
   -0.1935450000
   -0.1672350000
   -0.1873900000
   -0.1814740000
   -0.0333530000
    0.1912910000
   -0.2429530000
   -0.1861690000
    0.0609390000
    0.0586410000
   -0.2170550000
   -0.1857750000
    0.1039360000
   -0.0939250000
    0.0765520000
    0.0079060000
   -0.1888660000
   -0.1672410000
   -0.1977470000
   -0.1605750000
   -0.1964710000
    0.0838550000
   -0.2484050000
   -0.1560420000
   -0.1778470000
   -0.2267440000
    0.1000540000
    0.0041010000
    0.0223660000
   -0.2093320000
   -0.1752310000
   -0.1760440000
   -0.1728870000
   -0.2077970000
    0.0672880000
    0.1526100000
   -0.2728200000
   -0.2060300000
    0.0593140000
    0.0792890000
   -0.1942360000
   -0.2241940000
    0.1519980000
   -0.0498970000
   -0.2065220000
    0.1390300000
    0.0676640000
   -0.1189760000
   -0.2198310000
   -0.1638580000
    0.1765440000
    0.1900990000
    0.1953940000
    0.1926790000
    0.1817560000
    0.1773420000
    0.1910210000
    0.1939900000
    0.1801250000
    0.1843040000
    0.1878780000
    0.1889930000
    0.1954650000
    0.2052840000
    0.1840980000
    0.1971540000
    0.1932360000
    0.1877120000
    0.1675760000
    0.1965190000
    0.1835110000
    0.1929990000
    0.1810360000
    0.1815960000
    0.1929560000
    0.1832000000
    0.1885100000
    0.1753290000
    0.1882570000
    0.1838070000
    0.2005350000
    0.1813050000
    0.2066260000
    0.1925730000
    0.1909000000
    0.1958300000
