   -0.0381680000
    0.0510320000
   -0.0512510000
   -0.0191040000
    0.0093120000
   -0.0088730000
   -0.0023530000
   -0.0278990000
    0.0062680000
   -0.0267650000
   -0.0375210000
   -0.0252100000
   -0.0237570000
   -0.0097210000
    0.0401570000
   -0.0216170000
   -0.0815440000
    0.0132880000
   -0.0197590000
   -0.0794840000
   -0.0099450000
   -0.0711290000
   -0.0385410000
    0.0168210000
   -0.0789640000
   -0.0133810000
   -0.0180890000
   -0.0651010000
   -0.0176010000
   -0.0152480000
   -0.0094950000
    0.0948120000
   -0.0080650000
    0.1164590000
    0.0052380000
    0.0923190000
    0.0582420000
    0.0088740000
    0.0624180000
    0.0106360000
    0.0055860000
   -0.0373950000
   -0.0265330000
   -0.0473950000
   -0.0962570000
   -0.0098770000
   -0.0477290000
   -0.0479500000
   -0.0429540000
   -0.0909620000
    0.0088520000
   -0.0338650000
    0.0190950000
    0.0278390000
   -0.0290020000
   -0.0211980000
   -0.0207870000
   -0.0093920000
   -0.0106020000
    0.0030720000
   -0.0227930000
   -0.0235660000
   -0.0464010000
   -0.0279140000
   -0.0239660000
   -0.0240100000
   -0.0162440000
   -0.0237540000
   -0.0054210000
   -0.0162000000
   -0.1625950000
   -0.1977070000
   -0.1742300000
    0.0064170000
   -0.0231210000
    0.0984610000
   -0.2221710000
   -0.1816090000
   -0.1399320000
   -0.2649080000
    0.0493950000
    0.1213210000
   -0.0156270000
   -0.1698830000
   -0.1895000000
   -0.1531120000
   -0.1850550000
   -0.1944030000
   -0.0889290000
    0.1440010000
   -0.2144110000
   -0.2142530000
    0.0792320000
    0.0589850000
   -0.2133260000
   -0.2090040000
    0.1171570000
   -0.0458560000
    0.1041500000
   -0.0060610000
   -0.1882630000
   -0.1994230000
   -0.1679430000
   -0.1854180000
   -0.1787220000
    0.0500860000
   -0.2631660000
   -0.1775650000
   -0.1699630000
   -0.2229020000
    0.1286210000
   -0.0370650000
   -0.0039480000
   -0.1866680000
   -0.1797310000
   -0.1814370000
   -0.1739660000
   -0.2202530000
    0.0477440000
    0.1769940000
   -0.2382900000
   -0.2235390000
    0.0439290000
    0.1173280000
   -0.2182020000
   -0.2074690000
    0.1652410000
    0.0199190000
   -0.1024880000
    0.0072750000
    0.1243690000
   -0.1484310000
   -0.1695720000
   -0.2044160000
    0.1902640000
    0.1822680000
    0.1938220000
    0.2002830000
    0.1710380000
    0.1853680000
    0.1820430000
    0.1937660000
    0.1789100000
    0.1842130000
    0.1791750000
    0.1947570000
    0.2041060000
    0.1886220000
    0.1888920000
    0.2043280000
    0.1930990000
    0.1847330000
    0.1898860000
    0.1830350000
    0.1921060000
    0.1969690000
    0.1741320000
    0.1901770000
    0.1928280000
    0.1890680000
    0.1937540000
    0.1801070000
    0.1873790000
    0.1949780000
    0.1970760000
    0.1936660000
    0.1837150000
    0.2142770000
    0.1902070000
    0.1812920000
