   -0.0266030000
   -0.0239370000
    0.0030570000
   -0.0198880000
   -0.0070790000
   -0.0219310000
   -0.0074870000
   -0.0134340000
    0.0174130000
    0.0016930000
   -0.0202710000
    0.0088940000
   -0.0551340000
    0.0017680000
    0.0321930000
   -0.0520360000
   -0.0386010000
   -0.0028160000
   -0.0312810000
    0.0312760000
   -0.0402170000
   -0.0358500000
   -0.0548670000
   -0.0214360000
   -0.0281910000
   -0.0630830000
    0.0179280000
   -0.0265660000
   -0.0743750000
    0.0060840000
    0.0041520000
    0.1023630000
   -0.0085190000
    0.0687340000
    0.0576350000
    0.0528280000
    0.0591230000
    0.0813320000
    0.1079730000
    0.0482440000
    0.0412380000
   -0.0514550000
   -0.0219270000
   -0.0556250000
   -0.0414990000
   -0.0265690000
   -0.0649990000
   -0.0353200000
   -0.0308720000
   -0.0236250000
   -0.0400850000
    0.0159460000
   -0.0263880000
   -0.0120930000
   -0.0219540000
   -0.0398560000
    0.0076020000
    0.0192840000
   -0.0540340000
    0.0072820000
   -0.0517960000
   -0.0434360000
    0.0228710000
   -0.0305900000
   -0.0025180000
   -0.0246880000
   -0.0158910000
   -0.0308860000
    0.0317570000
   -0.0073270000
   -0.1698520000
   -0.2074290000
   -0.1757240000
   -0.0321200000
   -0.0225730000
    0.1357450000
   -0.2228170000
   -0.1744160000
   -0.1734050000
   -0.2080480000
    0.0095040000
    0.0750380000
   -0.0292260000
   -0.2005800000
   -0.1830730000
   -0.1861360000
   -0.1888680000
   -0.1943790000
    0.0217470000
    0.0817310000
   -0.2328020000
   -0.2533700000
    0.0925130000
    0.1013900000
   -0.2712170000
   -0.2403810000
    0.1141910000
   -0.0462920000
    0.0579920000
    0.0247440000
   -0.2287990000
   -0.1628170000
   -0.1916670000
   -0.1803770000
   -0.2378550000
    0.1310160000
   -0.2629580000
   -0.1679180000
   -0.1807110000
   -0.2645570000
    0.0914520000
    0.0248700000
    0.0227240000
   -0.2044870000
   -0.2074940000
   -0.1652390000
   -0.1927160000
   -0.2134010000
   -0.0659250000
    0.0955310000
   -0.2075050000
   -0.2440250000
    0.0324990000
    0.0832000000
   -0.2467470000
   -0.1974890000
    0.1477730000
   -0.0188690000
   -0.1342770000
    0.0499620000
    0.0869740000
   -0.1554770000
   -0.1999570000
   -0.1888480000
    0.1951250000
    0.1897160000
    0.1935010000
    0.1957020000
    0.1935830000
    0.1838560000
    0.1950790000
    0.1963040000
    0.1966160000
    0.1871590000
    0.2019120000
    0.1881200000
    0.1998210000
    0.2079810000
    0.1909070000
    0.2024020000
    0.1859000000
    0.2025990000
    0.1889950000
    0.1959780000
    0.1991890000
    0.1821640000
    0.1927490000
    0.1845910000
    0.2000100000
    0.2005770000
    0.1878990000
    0.1994680000
    0.1882360000
    0.1980430000
    0.2100610000
    0.2037590000
    0.1985760000
    0.2093880000
    0.1943920000
    0.1902300000
