   -0.0036660000
   -0.0104020000
   -0.0263120000
    0.0021290000
   -0.0101640000
    0.0181830000
    0.0055640000
   -0.0352820000
    0.0112540000
   -0.0182440000
   -0.0200140000
    0.0203610000
   -0.0154400000
   -0.0462080000
    0.0313630000
    0.0099120000
   -0.0057130000
   -0.0336130000
   -0.0299830000
   -0.0587560000
   -0.0943280000
   -0.0378920000
   -0.0588690000
    0.0208380000
   -0.0134420000
    0.0008680000
    0.0347430000
   -0.0479180000
   -0.0093780000
    0.0044040000
    0.0435680000
    0.0883280000
    0.0056380000
    0.0592280000
    0.0545130000
    0.0720840000
    0.0090900000
    0.0819680000
    0.0349550000
    0.1133650000
   -0.0242520000
   -0.0182170000
    0.0287790000
   -0.0469640000
   -0.0026810000
   -0.0423500000
   -0.0312470000
    0.0032890000
   -0.0475880000
   -0.0542960000
    0.0273810000
   -0.0296720000
   -0.0173910000
   -0.0135930000
   -0.0063250000
   -0.0129490000
   -0.0263860000
   -0.0197410000
    0.0076000000
   -0.0084270000
   -0.0003460000
    0.0124500000
   -0.0070670000
   -0.0195040000
    0.0087810000
   -0.0448820000
    0.0197740000
   -0.0089970000
   -0.0009170000
   -0.0163780000
   -0.1769820000
   -0.1621520000
   -0.2458270000
    0.0579040000
    0.0071840000
    0.0427730000
   -0.2287020000
   -0.1907630000
   -0.1428590000
   -0.2820850000
    0.1235800000
    0.0344540000
    0.0310840000
   -0.2091690000
   -0.1959380000
   -0.1604560000
   -0.1674420000
   -0.1823840000
   -0.0802300000
    0.0656520000
   -0.2003850000
   -0.2402270000
    0.0571560000
    0.0389550000
   -0.2226240000
   -0.2410220000
    0.1415430000
   -0.0743660000
    0.0583120000
   -0.0508420000
   -0.1851790000
   -0.1788620000
   -0.1842200000
   -0.1826330000
   -0.1688650000
    0.0392360000
   -0.2247450000
   -0.1823890000
   -0.1812820000
   -0.2191600000
    0.0843800000
   -0.0291900000
   -0.0505500000
   -0.1807320000
   -0.1859420000
   -0.1700790000
   -0.1877580000
   -0.1780810000
    0.0039380000
    0.0929030000
   -0.1904480000
   -0.2754880000
    0.1316870000
    0.0094780000
   -0.2409490000
   -0.2292690000
    0.0749780000
   -0.0046980000
   -0.1590140000
    0.1249100000
    0.0652630000
   -0.1938780000
   -0.2217880000
   -0.1778040000
    0.1730170000
    0.1890180000
    0.1880630000
    0.1946450000
    0.1821460000
    0.1742050000
    0.1855380000
    0.1961200000
    0.1837990000
    0.1757460000
    0.1827500000
    0.1958150000
    0.1936880000
    0.1939740000
    0.1959530000
    0.1985200000
    0.1886190000
    0.1923870000
    0.1814230000
    0.1813940000
    0.1898650000
    0.1964080000
    0.1805090000
    0.1787050000
    0.1901130000
    0.1834960000
    0.1955290000
    0.1832350000
    0.1819410000
    0.1950910000
    0.1975770000
    0.1966970000
    0.1988370000
    0.2003470000
    0.1881550000
    0.1941460000
