   -0.0076070000
   -0.0293570000
    0.0220260000
   -0.0063490000
   -0.0098500000
   -0.0320980000
   -0.0002860000
   -0.0130140000
    0.0305340000
   -0.0052030000
   -0.0109930000
    0.0205850000
   -0.0349510000
    0.0081750000
    0.0348230000
   -0.0577140000
   -0.0355420000
    0.0067660000
   -0.0385520000
    0.0203290000
   -0.0436710000
   -0.0383120000
   -0.0748470000
   -0.0129970000
   -0.0189900000
   -0.0643540000
    0.0286260000
   -0.0134440000
   -0.0547750000
    0.0053100000
    0.0011000000
    0.1052370000
   -0.0050730000
    0.0659360000
    0.0573690000
    0.0514550000
    0.0585490000
    0.0815650000
    0.1102060000
    0.0489960000
    0.0498930000
   -0.0341410000
    0.0018390000
   -0.0745470000
   -0.0288040000
   -0.0394280000
   -0.0520790000
   -0.0368510000
   -0.0390600000
   -0.0209290000
   -0.0456550000
    0.0194300000
   -0.0339600000
   -0.0208740000
   -0.0051120000
   -0.0326260000
    0.0045440000
    0.0217360000
   -0.0482640000
    0.0219480000
   -0.0281080000
   -0.0287590000
    0.0196380000
   -0.0154740000
   -0.0076060000
   -0.0040520000
   -0.0152720000
   -0.0065860000
    0.0294220000
   -0.0010480000
   -0.1713930000
   -0.2078660000
   -0.1761620000
   -0.0334510000
   -0.0293820000
    0.1245050000
   -0.2235740000
   -0.1688020000
   -0.1895420000
   -0.2024480000
   -0.0016790000
    0.0751510000
   -0.0289790000
   -0.2005410000
   -0.1828630000
   -0.1860020000
   -0.1889440000
   -0.1939840000
    0.0109660000
    0.0704250000
   -0.2314950000
   -0.2612190000
    0.0854110000
    0.0906270000
   -0.2763490000
   -0.2435640000
    0.1040550000
   -0.0645690000
    0.0515170000
    0.0237830000
   -0.2296680000
   -0.1629080000
   -0.1925190000
   -0.1805910000
   -0.2383830000
    0.1261600000
   -0.2658050000
   -0.1671400000
   -0.1880310000
   -0.2611410000
    0.0863880000
    0.0298110000
    0.0239440000
   -0.2032800000
   -0.2073080000
   -0.1636720000
   -0.1926390000
   -0.2121220000
   -0.0664410000
    0.0859960000
   -0.2049100000
   -0.2514710000
    0.0295210000
    0.0669480000
   -0.2523860000
   -0.2018460000
    0.1337340000
   -0.0489520000
   -0.1582240000
    0.0429010000
    0.0771750000
   -0.1658000000
   -0.2013190000
   -0.1888360000
    0.1951170000
    0.1897110000
    0.1934380000
    0.1956370000
    0.1936280000
    0.1838320000
    0.1950820000
    0.1963120000
    0.1966200000
    0.1871560000
    0.2019370000
    0.1880550000
    0.1997950000
    0.2079700000
    0.1909010000
    0.2023920000
    0.1859060000
    0.2025890000
    0.1889950000
    0.1959530000
    0.1991800000
    0.1821660000
    0.1927440000
    0.1845750000
    0.2000120000
    0.2005900000
    0.1879200000
    0.1994680000
    0.1882540000
    0.1980480000
    0.2100790000
    0.2037410000
    0.1985740000
    0.2094000000
    0.1943660000
    0.1902090000
