   -0.0254410000
    0.0227760000
   -0.0575250000
   -0.0232500000
   -0.0331350000
   -0.0229960000
    0.0082510000
   -0.0275910000
    0.0117410000
   -0.0244780000
   -0.0262950000
   -0.0204900000
    0.0130320000
    0.0140990000
    0.0188610000
   -0.0325540000
   -0.0836850000
    0.0226340000
   -0.0362220000
   -0.0941120000
   -0.0388880000
   -0.0739140000
   -0.0618230000
    0.0145610000
   -0.0548150000
   -0.0228710000
   -0.0277150000
   -0.0388070000
   -0.0180510000
   -0.0128400000
   -0.0094540000
    0.1023790000
   -0.0002890000
    0.1208250000
    0.0103070000
    0.0976160000
    0.0650140000
    0.0115270000
    0.0618990000
    0.0265780000
    0.0029710000
   -0.0401520000
   -0.0286230000
   -0.0785660000
   -0.0948540000
   -0.0334010000
   -0.0261520000
   -0.0496400000
   -0.0460170000
   -0.0603280000
    0.0043180000
   -0.0172830000
    0.0152250000
    0.0179170000
   -0.0205740000
   -0.0241010000
   -0.0142400000
    0.0034060000
    0.0088220000
    0.0376420000
   -0.0205190000
   -0.0221830000
   -0.0516410000
   -0.0116800000
   -0.0363100000
   -0.0073040000
   -0.0421850000
   -0.0302480000
   -0.0302880000
   -0.0149940000
   -0.1631720000
   -0.1977360000
   -0.1752080000
    0.0063890000
   -0.0369550000
    0.1101710000
   -0.2299610000
   -0.1783950000
   -0.1346220000
   -0.2729760000
    0.0615390000
    0.1033750000
   -0.0166940000
   -0.1722220000
   -0.1897600000
   -0.1556290000
   -0.1851230000
   -0.1969470000
   -0.0625480000
    0.1314660000
   -0.2177030000
   -0.2250340000
    0.0766760000
    0.0604510000
   -0.2256100000
   -0.2090280000
    0.1071080000
   -0.0246290000
    0.0891020000
   -0.0056120000
   -0.1894340000
   -0.1995230000
   -0.1684170000
   -0.1855330000
   -0.1796840000
    0.0534510000
   -0.2697910000
   -0.1810250000
   -0.1655990000
   -0.2320120000
    0.1370500000
   -0.0572380000
   -0.0048040000
   -0.1878010000
   -0.1799520000
   -0.1821650000
   -0.1741930000
   -0.2212090000
    0.0578490000
    0.1667070000
   -0.2410760000
   -0.2361250000
    0.0427570000
    0.1240640000
   -0.2306030000
   -0.2070340000
    0.1600850000
    0.0465770000
   -0.0797070000
    0.0176030000
    0.1354750000
   -0.1331140000
   -0.1702020000
   -0.2045380000
    0.1902720000
    0.1822330000
    0.1935690000
    0.2002700000
    0.1711080000
    0.1853670000
    0.1820620000
    0.1937690000
    0.1788570000
    0.1842220000
    0.1790950000
    0.1955350000
    0.2040680000
    0.1886290000
    0.1888910000
    0.2043190000
    0.1930890000
    0.1846890000
    0.1898910000
    0.1829960000
    0.1920860000
    0.1969600000
    0.1741110000
    0.1901680000
    0.1928130000
    0.1892430000
    0.1937130000
    0.1801100000
    0.1873180000
    0.1949700000
    0.1970750000
    0.1936690000
    0.1837090000
    0.2142490000
    0.1901690000
    0.1812750000
