   -0.0013180000
   -0.0288590000
   -0.0589680000
   -0.0006110000
   -0.0395330000
   -0.0072960000
    0.0200190000
   -0.0228400000
   -0.0036800000
   -0.0386810000
   -0.0450850000
    0.0192050000
   -0.0226420000
   -0.0562970000
   -0.0097370000
    0.0070940000
   -0.0103890000
   -0.0269750000
   -0.0387980000
   -0.0604650000
   -0.0964800000
   -0.0416200000
   -0.1011960000
    0.0014620000
   -0.0312620000
   -0.0044230000
    0.0072600000
   -0.0587560000
   -0.0174360000
   -0.0212120000
    0.0417760000
    0.0919680000
    0.0107340000
    0.0629630000
    0.0592210000
    0.0722600000
    0.0145710000
    0.0808070000
    0.0339510000
    0.1176710000
   -0.0506610000
   -0.0162250000
   -0.0005110000
   -0.0654030000
    0.0002910000
   -0.0584640000
   -0.0401640000
   -0.0303000000
   -0.0573180000
   -0.0737520000
    0.0250130000
   -0.0283140000
   -0.0198470000
   -0.0198700000
   -0.0234890000
   -0.0213050000
   -0.0371610000
   -0.0326420000
    0.0020110000
   -0.0065710000
   -0.0057260000
    0.0043630000
   -0.0388530000
   -0.0258200000
   -0.0113530000
   -0.0507840000
    0.0038830000
   -0.0482650000
   -0.0360390000
   -0.0112250000
   -0.1776140000
   -0.1622000000
   -0.2468280000
    0.0579090000
   -0.0014070000
    0.0705920000
   -0.2333000000
   -0.1746300000
   -0.1288520000
   -0.2857810000
    0.1465070000
    0.0296440000
    0.0327330000
   -0.2112780000
   -0.1960050000
   -0.1602980000
   -0.1677540000
   -0.1810870000
   -0.0262050000
    0.0857860000
   -0.1857920000
   -0.2396170000
    0.0916550000
    0.0530680000
   -0.2166720000
   -0.2394220000
    0.1525540000
   -0.0367060000
    0.0484700000
   -0.0514730000
   -0.1867440000
   -0.1789860000
   -0.1859680000
   -0.1827390000
   -0.1703340000
    0.0654980000
   -0.2287460000
   -0.1567470000
   -0.1739340000
   -0.2132130000
    0.1077250000
   -0.0165570000
   -0.0498200000
   -0.1800860000
   -0.1859020000
   -0.1692780000
   -0.1873130000
   -0.1772470000
    0.0635970000
    0.1169410000
   -0.1715900000
   -0.2722440000
    0.1671760000
    0.0265420000
   -0.2345480000
   -0.2264870000
    0.0933780000
    0.0448340000
   -0.1126140000
    0.1611940000
    0.0947990000
   -0.1458580000
   -0.2226400000
   -0.1778210000
    0.1730250000
    0.1889870000
    0.1880470000
    0.1946800000
    0.1821420000
    0.1742160000
    0.1856830000
    0.1961260000
    0.1838530000
    0.1757650000
    0.1827250000
    0.1957960000
    0.1936760000
    0.1939720000
    0.1959530000
    0.1985190000
    0.1886290000
    0.1923510000
    0.1814230000
    0.1813640000
    0.1898490000
    0.1963660000
    0.1805650000
    0.1787270000
    0.1901410000
    0.1834980000
    0.1955760000
    0.1832430000
    0.1819840000
    0.1951250000
    0.1975760000
    0.1967140000
    0.1988470000
    0.2003750000
    0.1881810000
    0.1941350000
