   -0.0301070000
   -0.0098370000
   -0.0724720000
   -0.0057810000
   -0.0195420000
   -0.0215510000
   -0.0089260000
   -0.0003680000
    0.0346180000
   -0.0535030000
   -0.0232710000
    0.0363090000
   -0.0215560000
    0.0146470000
   -0.0362720000
   -0.0434440000
   -0.0128690000
    0.0222140000
   -0.0369390000
   -0.0058550000
   -0.0254990000
   -0.0547750000
   -0.0406660000
   -0.0493950000
   -0.0590540000
   -0.0007060000
   -0.0453080000
   -0.0059200000
   -0.0606030000
   -0.0414690000
    0.0925770000
    0.0001840000
    0.0878900000
    0.0596190000
    0.0084760000
    0.0773820000
    0.0767070000
    0.0024560000
    0.0507660000
    0.0644000000
   -0.0286050000
   -0.0321610000
   -0.0675750000
   -0.0525030000
   -0.0511800000
   -0.0167220000
   -0.0383180000
   -0.0324530000
   -0.0031660000
   -0.0595190000
   -0.0052130000
   -0.0244350000
   -0.0105960000
   -0.0265700000
    0.0277200000
    0.0077620000
   -0.0038120000
   -0.0244250000
   -0.0396160000
   -0.0107080000
   -0.0324100000
    0.0028500000
   -0.0138610000
   -0.0132300000
   -0.0179050000
   -0.0019490000
   -0.0195440000
   -0.0486090000
   -0.0467090000
   -0.0236890000
   -0.1890660000
   -0.1917020000
   -0.2133940000
    0.0443890000
    0.0622450000
    0.0646930000
   -0.2411470000
   -0.1468250000
   -0.1681730000
   -0.2330260000
    0.0974260000
   -0.0091450000
   -0.0139220000
   -0.1752670000
   -0.1941120000
   -0.1670780000
   -0.1872970000
   -0.1830560000
    0.0219390000
    0.1753290000
   -0.2412800000
   -0.2088430000
    0.0745040000
    0.0488020000
   -0.2406590000
   -0.1935900000
    0.0777760000
   -0.0785950000
    0.0319960000
    0.0044140000
   -0.1938230000
   -0.1675630000
   -0.2033060000
   -0.1615140000
   -0.2016460000
    0.0946630000
   -0.2632310000
   -0.1473380000
   -0.1842990000
   -0.2372080000
    0.1123510000
   -0.0203650000
    0.0264690000
   -0.2096140000
   -0.1747400000
   -0.1736090000
   -0.1724430000
   -0.2077070000
    0.1218950000
    0.1242280000
   -0.2663710000
   -0.2438510000
    0.0608420000
    0.0683700000
   -0.2211040000
   -0.2312390000
    0.1199470000
   -0.0074330000
   -0.1577110000
    0.1582600000
    0.1007050000
   -0.0975760000
   -0.2267480000
   -0.1641350000
    0.1764600000
    0.1900030000
    0.1954150000
    0.1924760000
    0.1817860000
    0.1773750000
    0.1910050000
    0.1939440000
    0.1800460000
    0.1843140000
    0.1877850000
    0.1889740000
    0.1954900000
    0.2052740000
    0.1840770000
    0.1971280000
    0.1931620000
    0.1875310000
    0.1675720000
    0.1964070000
    0.1833270000
    0.1929580000
    0.1809250000
    0.1815850000
    0.1929540000
    0.1832380000
    0.1884450000
    0.1754210000
    0.1882620000
    0.1837630000
    0.2005040000
    0.1805310000
    0.2068880000
    0.1925200000
    0.1908750000
    0.1956830000
