    0.0160910000
   -0.0082860000
   -0.0130950000
   -0.0026840000
    0.0041630000
    0.0045490000
    0.0110350000
   -0.0224170000
    0.0195360000
   -0.0341460000
   -0.0497160000
    0.0146200000
   -0.0302650000
   -0.0566750000
    0.0128630000
    0.0004060000
   -0.0223340000
   -0.0145790000
   -0.0090890000
   -0.0394780000
   -0.0789340000
   -0.0491040000
   -0.0620790000
   -0.0065660000
   -0.0354670000
   -0.0335070000
    0.0038140000
   -0.0748370000
   -0.0202910000
   -0.0288560000
    0.0360740000
    0.0879170000
    0.0059770000
    0.0560800000
    0.0540630000
    0.0652090000
    0.0083960000
    0.0753870000
    0.0312780000
    0.1133810000
   -0.0521120000
   -0.0258810000
    0.0010220000
   -0.0507700000
   -0.0271050000
   -0.0289310000
   -0.0529640000
   -0.0387450000
   -0.0728720000
   -0.0870000000
    0.0042650000
   -0.0474770000
   -0.0033680000
   -0.0041180000
   -0.0281030000
   -0.0113440000
   -0.0264250000
   -0.0354410000
   -0.0083160000
   -0.0237950000
    0.0098850000
   -0.0046610000
   -0.0137100000
   -0.0192290000
   -0.0095220000
   -0.0408980000
    0.0187460000
   -0.0009440000
    0.0160680000
   -0.0170160000
   -0.1778400000
   -0.1622020000
   -0.2472260000
    0.0575470000
   -0.0029740000
    0.0634290000
   -0.2337270000
   -0.1796410000
   -0.1335160000
   -0.2867250000
    0.1398630000
    0.0265440000
    0.0320600000
   -0.2108540000
   -0.1956330000
   -0.1605840000
   -0.1677520000
   -0.1813850000
   -0.0402090000
    0.0783580000
   -0.1901210000
   -0.2411640000
    0.0819310000
    0.0491860000
   -0.2196300000
   -0.2401240000
    0.1481510000
   -0.0454370000
    0.0479700000
   -0.0515800000
   -0.1868050000
   -0.1789930000
   -0.1860410000
   -0.1827490000
   -0.1703830000
    0.0593500000
   -0.2288210000
   -0.1629540000
   -0.1762270000
   -0.2154220000
    0.1023670000
   -0.0221220000
   -0.0500630000
   -0.1803460000
   -0.1859340000
   -0.1695490000
   -0.1874260000
   -0.1776060000
    0.0507050000
    0.1091100000
   -0.1761910000
   -0.2749560000
    0.1581890000
    0.0205270000
   -0.2375760000
   -0.2284720000
    0.0859320000
    0.0323280000
   -0.1243370000
    0.1525730000
    0.0875760000
   -0.1565040000
   -0.2227750000
   -0.1779170000
    0.1730230000
    0.1889830000
    0.1880410000
    0.1946660000
    0.1821410000
    0.1740480000
    0.1854320000
    0.1961170000
    0.1837760000
    0.1757090000
    0.1827170000
    0.1957950000
    0.1936780000
    0.1939720000
    0.1959530000
    0.1985180000
    0.1886260000
    0.1923480000
    0.1814220000
    0.1813630000
    0.1898470000
    0.1963660000
    0.1805520000
    0.1787220000
    0.1901340000
    0.1834910000
    0.1955590000
    0.1832410000
    0.1819680000
    0.1951180000
    0.1975750000
    0.1967090000
    0.1988460000
    0.2003580000
    0.1881750000
    0.1941300000
