   -0.0098980000
   -0.0433510000
    0.0007300000
   -0.0022270000
   -0.0374210000
   -0.0468600000
   -0.0082020000
   -0.0077300000
   -0.0047030000
   -0.0269260000
   -0.0574700000
    0.0088600000
   -0.0573620000
    0.0085240000
   -0.0058950000
   -0.0494640000
   -0.0499890000
    0.0047100000
   -0.0577070000
    0.0134770000
   -0.0299090000
   -0.0266030000
   -0.0508220000
   -0.0181090000
   -0.0257520000
   -0.0577480000
    0.0098410000
   -0.0124260000
   -0.0632140000
   -0.0145800000
   -0.0087220000
    0.0982340000
   -0.0161320000
    0.0530040000
    0.0249680000
    0.0509330000
    0.0311980000
    0.0769660000
    0.0995340000
    0.0379090000
    0.0354360000
   -0.0430820000
   -0.0085900000
   -0.0506630000
   -0.0244780000
   -0.0122600000
   -0.0521960000
   -0.0495360000
   -0.0257660000
   -0.0172660000
   -0.0356800000
    0.0020710000
   -0.0423470000
   -0.0197980000
   -0.0162370000
   -0.0347660000
   -0.0105640000
   -0.0139030000
   -0.0441540000
    0.0112880000
   -0.0540870000
   -0.0401470000
   -0.0103710000
   -0.0188570000
   -0.0244900000
   -0.0014960000
   -0.0258070000
   -0.0240590000
    0.0136070000
   -0.0035840000
   -0.1681750000
   -0.2078100000
   -0.1713130000
   -0.0317360000
    0.0195810000
    0.1252360000
   -0.2060630000
   -0.1674320000
   -0.1777510000
   -0.1937250000
   -0.0023410000
    0.1198700000
   -0.0281330000
   -0.1968140000
   -0.1829330000
   -0.1844660000
   -0.1882560000
   -0.1912870000
   -0.0059060000
    0.1082960000
   -0.2248810000
   -0.2315410000
    0.1047320000
    0.1054660000
   -0.2404460000
   -0.2400230000
    0.1416140000
   -0.0658570000
    0.0751430000
    0.0244430000
   -0.2276680000
   -0.1628690000
   -0.1909150000
   -0.1801940000
   -0.2364430000
    0.1294740000
   -0.2581760000
   -0.1615950000
   -0.1811250000
   -0.2539040000
    0.0899240000
    0.0528090000
    0.0235030000
   -0.2011680000
   -0.2072990000
   -0.1623250000
   -0.1926780000
   -0.2104930000
   -0.0753140000
    0.1324840000
   -0.2046650000
   -0.2161450000
    0.0436370000
    0.0929980000
   -0.2231280000
   -0.1914600000
    0.1767560000
   -0.0477870000
   -0.1603270000
    0.0428390000
    0.0764230000
   -0.1660060000
   -0.1977190000
   -0.1880850000
    0.1951140000
    0.1898440000
    0.1927950000
    0.1957150000
    0.1936460000
    0.1838840000
    0.1950480000
    0.1963210000
    0.1967320000
    0.1871640000
    0.2021390000
    0.1881580000
    0.1998530000
    0.2079870000
    0.1909130000
    0.2024120000
    0.1859300000
    0.2026270000
    0.1890030000
    0.1960180000
    0.1991750000
    0.1821920000
    0.1927480000
    0.1845700000
    0.2001360000
    0.2005930000
    0.1879860000
    0.1994820000
    0.1883050000
    0.1980790000
    0.2100830000
    0.2038060000
    0.1986020000
    0.2094300000
    0.1944260000
    0.1903410000
