   -0.0348520000
    0.0143070000
   -0.0439270000
   -0.0115450000
    0.0174380000
   -0.0072850000
   -0.0122460000
   -0.0002840000
    0.0490530000
   -0.0555410000
   -0.0273810000
    0.0328990000
   -0.0442690000
   -0.0054410000
   -0.0167280000
   -0.0585900000
   -0.0501120000
    0.0194580000
   -0.0186830000
    0.0108910000
   -0.0045220000
   -0.0838130000
   -0.0182730000
   -0.0515080000
   -0.0975410000
   -0.0166780000
   -0.0532880000
   -0.0389650000
   -0.0597210000
   -0.0409640000
    0.0925920000
    0.0016640000
    0.0872060000
    0.0575910000
    0.0067450000
    0.0752750000
    0.0771320000
   -0.0006280000
    0.0500330000
    0.0636850000
   -0.0309430000
   -0.0295300000
   -0.0685060000
   -0.0299560000
   -0.0803150000
    0.0053660000
   -0.0817300000
   -0.0318670000
   -0.0233530000
   -0.0849210000
   -0.0239560000
   -0.0467520000
    0.0029720000
   -0.0042240000
    0.0269360000
    0.0109040000
   -0.0076730000
   -0.0254460000
   -0.0665760000
   -0.0548000000
   -0.0133400000
   -0.0068860000
    0.0120960000
   -0.0229750000
   -0.0044850000
   -0.0049640000
    0.0075210000
   -0.0152180000
   -0.0029720000
   -0.0386520000
   -0.1899810000
   -0.1918390000
   -0.2139860000
    0.0437180000
    0.0582250000
    0.0686720000
   -0.2430060000
   -0.1438270000
   -0.1683210000
   -0.2333230000
    0.1000070000
   -0.0091480000
   -0.0137650000
   -0.1751520000
   -0.1941320000
   -0.1669140000
   -0.1872340000
   -0.1830140000
    0.0306110000
    0.1789950000
   -0.2388260000
   -0.2075790000
    0.0797740000
    0.0493820000
   -0.2388460000
   -0.1939800000
    0.0796990000
   -0.0774800000
    0.0282740000
    0.0039340000
   -0.1943440000
   -0.1676240000
   -0.2038900000
   -0.1616130000
   -0.2021250000
    0.0969690000
   -0.2649040000
   -0.1451520000
   -0.1846060000
   -0.2376480000
    0.1143350000
   -0.0202050000
    0.0272000000
   -0.2094520000
   -0.1745570000
   -0.1730260000
   -0.1724140000
   -0.2072680000
    0.1290980000
    0.1268350000
   -0.2642370000
   -0.2424420000
    0.0648840000
    0.0698260000
   -0.2188340000
   -0.2317380000
    0.1220240000
   -0.0050900000
   -0.1524500000
    0.1601140000
    0.1037970000
   -0.0948100000
   -0.2275350000
   -0.1641850000
    0.1765280000
    0.1899920000
    0.1954200000
    0.1924650000
    0.1817860000
    0.1773830000
    0.1910080000
    0.1939430000
    0.1800470000
    0.1843160000
    0.1877900000
    0.1889780000
    0.1955030000
    0.2052840000
    0.1840730000
    0.1971260000
    0.1931640000
    0.1875150000
    0.1675730000
    0.1963980000
    0.1833100000
    0.1929530000
    0.1809190000
    0.1815830000
    0.1929570000
    0.1832430000
    0.1884440000
    0.1754500000
    0.1881910000
    0.1837610000
    0.2004530000
    0.1816460000
    0.2070380000
    0.1923840000
    0.1908760000
    0.1956870000
