   -0.0394790000
    0.0373750000
   -0.0321390000
   -0.0329360000
    0.0053320000
   -0.0319330000
   -0.0002380000
   -0.0450700000
    0.0367400000
   -0.0357490000
   -0.0368610000
   -0.0225360000
    0.0111380000
    0.0180110000
    0.0562140000
   -0.0217460000
   -0.0793850000
    0.0238670000
   -0.0103300000
   -0.0644200000
   -0.0033140000
   -0.0565080000
   -0.0385700000
    0.0139200000
   -0.0420100000
    0.0057310000
   -0.0210340000
   -0.0373920000
   -0.0135540000
    0.0016330000
   -0.0218940000
    0.1077430000
    0.0005460000
    0.1105650000
    0.0103580000
    0.0901490000
    0.0671490000
    0.0113400000
    0.0568520000
    0.0225620000
    0.0140690000
   -0.0376630000
   -0.0305960000
   -0.0448600000
   -0.0753600000
   -0.0070270000
   -0.0255780000
   -0.0438670000
   -0.0213870000
   -0.0561660000
    0.0083760000
   -0.0280510000
    0.0243190000
    0.0402950000
   -0.0234120000
   -0.0378020000
   -0.0326210000
   -0.0017190000
    0.0067190000
    0.0353960000
   -0.0032600000
   -0.0314320000
   -0.0301360000
   -0.0106880000
   -0.0364360000
   -0.0161050000
   -0.0332380000
   -0.0058550000
   -0.0063660000
   -0.0333400000
   -0.1634310000
   -0.1978480000
   -0.1750610000
    0.0056700000
   -0.0306350000
    0.0847260000
   -0.2249340000
   -0.1913270000
   -0.1504260000
   -0.2674990000
    0.0357120000
    0.1149200000
   -0.0164430000
   -0.1706810000
   -0.1896520000
   -0.1540170000
   -0.1850720000
   -0.1949990000
   -0.1167230000
    0.1316780000
   -0.2173820000
   -0.2216290000
    0.0659510000
    0.0443780000
   -0.2207830000
   -0.2133710000
    0.1021280000
   -0.0596720000
    0.0987340000
   -0.0066150000
   -0.1886750000
   -0.1996510000
   -0.1686140000
   -0.1854670000
   -0.1795530000
    0.0420920000
   -0.2637740000
   -0.1870150000
   -0.1765980000
   -0.2251660000
    0.1175180000
   -0.0426000000
   -0.0043190000
   -0.1871390000
   -0.1797960000
   -0.1817240000
   -0.1742210000
   -0.2204020000
    0.0304420000
    0.1658350000
   -0.2414930000
   -0.2303920000
    0.0343040000
    0.0989770000
   -0.2276480000
   -0.2122260000
    0.1472710000
   -0.0041450000
   -0.1235410000
   -0.0043820000
    0.1111280000
   -0.1614130000
   -0.1699830000
   -0.2045340000
    0.1902540000
    0.1822330000
    0.1939520000
    0.2002460000
    0.1709710000
    0.1853680000
    0.1819760000
    0.1937620000
    0.1788750000
    0.1842220000
    0.1791380000
    0.1955490000
    0.2041020000
    0.1886090000
    0.1888890000
    0.2043220000
    0.1930810000
    0.1847210000
    0.1898860000
    0.1830150000
    0.1921030000
    0.1969710000
    0.1741280000
    0.1901780000
    0.1928160000
    0.1891380000
    0.1937320000
    0.1801060000
    0.1873590000
    0.1949730000
    0.1970870000
    0.1936650000
    0.1836940000
    0.2142670000
    0.1902040000
    0.1812800000
