   -0.0418810000
   -0.0021480000
   -0.0414960000
   -0.0333630000
    0.0148100000
   -0.0156840000
   -0.0364550000
   -0.0264830000
    0.0501200000
   -0.0491710000
   -0.0407220000
    0.0306720000
   -0.0170360000
    0.0199120000
   -0.0127750000
   -0.0289880000
   -0.0065920000
    0.0194070000
   -0.0245800000
    0.0162320000
   -0.0067420000
   -0.0417720000
   -0.0200980000
   -0.0936660000
   -0.0497020000
    0.0086270000
   -0.0580790000
    0.0018170000
   -0.1007960000
   -0.0523150000
    0.0928610000
    0.0024550000
    0.0851850000
    0.0594800000
    0.0066870000
    0.0759790000
    0.0748830000
    0.0017080000
    0.0478990000
    0.0656170000
   -0.0351850000
   -0.0749110000
   -0.1119700000
   -0.0324950000
   -0.0378440000
    0.0006110000
   -0.0328910000
   -0.0453110000
    0.0112720000
   -0.0515360000
    0.0038210000
   -0.0181940000
    0.0028930000
   -0.0055380000
   -0.0124050000
   -0.0198580000
   -0.0111970000
   -0.0425230000
   -0.0267760000
   -0.0048800000
   -0.0088680000
   -0.0197410000
    0.0128180000
   -0.0273450000
   -0.0135430000
   -0.0221520000
   -0.0121290000
   -0.0160770000
   -0.0076610000
   -0.0627710000
   -0.1732200000
   -0.1903740000
   -0.2055820000
    0.0562930000
    0.0737620000
    0.0325630000
   -0.2134100000
   -0.1561480000
   -0.1733640000
   -0.2073520000
    0.0735010000
   -0.0061100000
   -0.0131500000
   -0.1726510000
   -0.1936560000
   -0.1663740000
   -0.1844990000
   -0.1833930000
   -0.0048050000
    0.1683200000
   -0.2532670000
   -0.1938060000
    0.0466760000
    0.0408720000
   -0.2304680000
   -0.1970550000
    0.0799670000
   -0.0445560000
    0.0467060000
    0.0116960000
   -0.1905410000
   -0.1602380000
   -0.1933540000
   -0.1614710000
   -0.1923020000
    0.0797780000
   -0.2367010000
   -0.1666620000
   -0.1740220000
   -0.2216580000
    0.0942550000
   -0.0325420000
    0.0258770000
   -0.2067240000
   -0.1759690000
   -0.1732100000
   -0.1692300000
   -0.2103780000
    0.0782220000
    0.1435060000
   -0.2826170000
   -0.1940010000
    0.0596760000
    0.0622000000
   -0.1880030000
   -0.2339060000
    0.1356490000
   -0.0172340000
   -0.2105670000
    0.1373740000
    0.0659980000
   -0.1169750000
   -0.2204590000
   -0.1592080000
    0.1765760000
    0.1900210000
    0.1954350000
    0.1926070000
    0.1817830000
    0.1773790000
    0.1910050000
    0.1939890000
    0.1800990000
    0.1843270000
    0.1878790000
    0.1890300000
    0.1954510000
    0.2052850000
    0.1841050000
    0.1971260000
    0.1934880000
    0.1876020000
    0.1677130000
    0.1964170000
    0.1835270000
    0.1931290000
    0.1810590000
    0.1816510000
    0.1929860000
    0.1832220000
    0.1884000000
    0.1752990000
    0.1882110000
    0.1839030000
    0.2002320000
    0.1816090000
    0.2070440000
    0.1924610000
    0.1910810000
    0.1957670000
