    0.0011440000
   -0.0244850000
    0.0214680000
   -0.0040510000
   -0.0095570000
    0.0168020000
   -0.0079860000
   -0.0117190000
    0.0428640000
   -0.0167640000
   -0.0426070000
    0.0132950000
   -0.0454340000
    0.0036690000
    0.0289090000
   -0.0564690000
   -0.0366750000
    0.0446790000
   -0.0348060000
    0.0171260000
   -0.0314450000
   -0.0152570000
   -0.0507580000
    0.0042340000
   -0.0254420000
   -0.0720670000
   -0.0101550000
   -0.0245320000
   -0.0706940000
   -0.0259190000
    0.0006340000
    0.1041570000
   -0.0084660000
    0.0680430000
    0.0594540000
    0.0516150000
    0.0592870000
    0.0815490000
    0.1100780000
    0.0510000000
    0.0255970000
   -0.0518450000
   -0.0048890000
   -0.0514010000
   -0.0243820000
   -0.0108830000
   -0.0590310000
   -0.0676500000
   -0.0401680000
   -0.0278690000
   -0.0503510000
    0.0172030000
   -0.0277280000
   -0.0203600000
   -0.0231890000
   -0.0403860000
   -0.0094660000
   -0.0009790000
   -0.0519990000
    0.0162300000
   -0.0220660000
   -0.0325790000
    0.0223440000
    0.0132660000
    0.0165880000
    0.0039690000
   -0.0144880000
   -0.0110830000
    0.0261840000
   -0.0003190000
   -0.1715040000
   -0.2075730000
   -0.1771120000
   -0.0337950000
   -0.0302460000
    0.1308950000
   -0.2308010000
   -0.1793660000
   -0.1767010000
   -0.2178870000
    0.0095120000
    0.0591580000
   -0.0309380000
   -0.2024840000
   -0.1834550000
   -0.1880100000
   -0.1890470000
   -0.1958500000
    0.0041680000
    0.0764340000
   -0.2396910000
   -0.2568890000
    0.0849320000
    0.0988500000
   -0.2749200000
   -0.2422470000
    0.1105340000
   -0.0458280000
    0.0510740000
    0.0243170000
   -0.2296050000
   -0.1628660000
   -0.1924150000
   -0.1805200000
   -0.2385520000
    0.1299720000
   -0.2675070000
   -0.1725270000
   -0.1823640000
   -0.2718210000
    0.0909310000
    0.0123310000
    0.0207610000
   -0.2068170000
   -0.2078310000
   -0.1680110000
   -0.1928310000
   -0.2158080000
   -0.0726460000
    0.0895850000
   -0.2131840000
   -0.2462550000
    0.0245040000
    0.0810110000
   -0.2526380000
   -0.1991580000
    0.1425550000
   -0.0235450000
   -0.1401240000
    0.0486590000
    0.0848460000
   -0.1565340000
   -0.2012850000
   -0.1889480000
    0.1951190000
    0.1896950000
    0.1934250000
    0.1956830000
    0.1935520000
    0.1838350000
    0.1950470000
    0.1963020000
    0.1965870000
    0.1871600000
    0.2018750000
    0.1883080000
    0.1997950000
    0.2079760000
    0.1909040000
    0.2023980000
    0.1858930000
    0.2025870000
    0.1889940000
    0.1959570000
    0.1991900000
    0.1821420000
    0.1927470000
    0.1845860000
    0.1999590000
    0.2005540000
    0.1878530000
    0.1994660000
    0.1881960000
    0.1980250000
    0.2100250000
    0.2037490000
    0.1985610000
    0.2093690000
    0.1943820000
    0.1902140000
