    0.0163760000
   -0.0176870000
   -0.0116840000
   -0.0018750000
    0.0049480000
    0.0035570000
    0.0140500000
   -0.0035170000
    0.0233300000
   -0.0074540000
   -0.0427720000
    0.0136000000
    0.0007450000
   -0.0300340000
    0.0166830000
    0.0134740000
   -0.0051430000
   -0.0008190000
    0.0090970000
   -0.0228200000
   -0.0564990000
   -0.0448330000
   -0.0509460000
    0.0010380000
   -0.0181510000
   -0.0126740000
   -0.0025430000
   -0.0467670000
   -0.0189270000
   -0.0145550000
    0.0308540000
    0.0803520000
    0.0061300000
    0.0494490000
    0.0455610000
    0.0602380000
    0.0028010000
    0.0660420000
    0.0258420000
    0.1091790000
   -0.0592260000
   -0.0232420000
    0.0038810000
   -0.0336650000
   -0.0058400000
   -0.0145130000
   -0.0419150000
   -0.0384880000
   -0.0710580000
   -0.0500550000
    0.0233910000
   -0.0139330000
    0.0184790000
    0.0056020000
   -0.0293230000
    0.0033690000
   -0.0064830000
   -0.0244870000
    0.0166630000
    0.0027430000
    0.0035610000
   -0.0127490000
   -0.0169070000
   -0.0175630000
   -0.0122850000
   -0.0356500000
    0.0154200000
   -0.0001560000
    0.0144580000
   -0.0213010000
   -0.1782240000
   -0.1622130000
   -0.2478890000
    0.0569870000
   -0.0058720000
    0.0471840000
   -0.2349800000
   -0.1907390000
   -0.1437350000
   -0.2881640000
    0.1276480000
    0.0187140000
    0.0302090000
   -0.2105120000
   -0.1962290000
   -0.1617780000
   -0.1676040000
   -0.1837560000
   -0.0693680000
    0.0604180000
   -0.2003220000
   -0.2448560000
    0.0586920000
    0.0402990000
   -0.2275040000
   -0.2413590000
    0.1373700000
   -0.0647140000
    0.0474710000
   -0.0516840000
   -0.1868170000
   -0.1790070000
   -0.1860540000
   -0.1827480000
   -0.1703950000
    0.0441100000
   -0.2289590000
   -0.1795040000
   -0.1813900000
   -0.2216310000
    0.0888920000
   -0.0365000000
   -0.0507470000
   -0.1810750000
   -0.1860180000
   -0.1703190000
   -0.1877710000
   -0.1785600000
    0.0166540000
    0.0921750000
   -0.1879070000
   -0.2799480000
    0.1370780000
    0.0093660000
   -0.2435560000
   -0.2318490000
    0.0720790000
    0.0061650000
   -0.1491020000
    0.1329570000
    0.0716520000
   -0.1826870000
   -0.2230090000
   -0.1780750000
    0.1730180000
    0.1889760000
    0.1880310000
    0.1946360000
    0.1821430000
    0.1738380000
    0.1854990000
    0.1961090000
    0.1837140000
    0.1757770000
    0.1826970000
    0.1957970000
    0.1936720000
    0.1939720000
    0.1959530000
    0.1985180000
    0.1886180000
    0.1923450000
    0.1814220000
    0.1813630000
    0.1898460000
    0.1963700000
    0.1805220000
    0.1787090000
    0.1901150000
    0.1834730000
    0.1955160000
    0.1832360000
    0.1819270000
    0.1950970000
    0.1975730000
    0.1966970000
    0.1988430000
    0.2003310000
    0.1881620000
    0.1941190000
