   -0.0390070000
    0.0376340000
   -0.0320110000
   -0.0329380000
    0.0075330000
   -0.0327790000
    0.0019500000
   -0.0438950000
    0.0379360000
   -0.0366410000
   -0.0352440000
   -0.0261680000
    0.0110510000
    0.0161190000
    0.0612320000
   -0.0255350000
   -0.0822310000
    0.0217680000
   -0.0063750000
   -0.0602590000
   -0.0004870000
   -0.0576330000
   -0.0354080000
    0.0179830000
   -0.0410640000
    0.0084580000
   -0.0209120000
   -0.0390190000
   -0.0099240000
    0.0030740000
   -0.0248960000
    0.1080440000
   -0.0003020000
    0.1089090000
    0.0107400000
    0.0865760000
    0.0675880000
    0.0102500000
    0.0560830000
    0.0223250000
    0.0149080000
   -0.0333580000
   -0.0279340000
   -0.0398520000
   -0.0752090000
   -0.0076380000
   -0.0277250000
   -0.0434820000
   -0.0174350000
   -0.0565930000
    0.0071750000
   -0.0313720000
    0.0241660000
    0.0413520000
   -0.0217010000
   -0.0379440000
   -0.0356580000
   -0.0004910000
    0.0046420000
    0.0346180000
   -0.0035110000
   -0.0355970000
   -0.0260890000
   -0.0126100000
   -0.0367180000
   -0.0177130000
   -0.0351440000
   -0.0050080000
   -0.0057070000
   -0.0360680000
   -0.1634370000
   -0.1978240000
   -0.1750220000
    0.0055480000
   -0.0284390000
    0.0840270000
   -0.2237900000
   -0.1899310000
   -0.1512390000
   -0.2650470000
    0.0347490000
    0.1202170000
   -0.0159560000
   -0.1698780000
   -0.1895670000
   -0.1531570000
   -0.1850120000
   -0.1940720000
   -0.1169650000
    0.1348620000
   -0.2163130000
   -0.2184850000
    0.0677060000
    0.0419240000
   -0.2178010000
   -0.2152910000
    0.1032980000
   -0.0711030000
    0.0973350000
   -0.0077400000
   -0.1890570000
   -0.1999350000
   -0.1698680000
   -0.1855550000
   -0.1806310000
    0.0408280000
   -0.2646480000
   -0.1855620000
   -0.1803290000
   -0.2234570000
    0.1146790000
   -0.0383740000
   -0.0042070000
   -0.1869590000
   -0.1798040000
   -0.1815630000
   -0.1742540000
   -0.2202120000
    0.0293530000
    0.1654520000
   -0.2407390000
   -0.2308580000
    0.0322990000
    0.0978360000
   -0.2246290000
   -0.2125710000
    0.1502240000
   -0.0087960000
   -0.1234040000
   -0.0086510000
    0.1078470000
   -0.1673580000
   -0.1699070000
   -0.2045520000
    0.1902550000
    0.1822180000
    0.1939880000
    0.2002500000
    0.1709590000
    0.1853680000
    0.1819820000
    0.1937720000
    0.1789010000
    0.1842210000
    0.1791520000
    0.1955120000
    0.2041110000
    0.1886100000
    0.1888880000
    0.2043150000
    0.1930670000
    0.1847180000
    0.1898820000
    0.1830000000
    0.1921070000
    0.1969710000
    0.1741320000
    0.1901800000
    0.1928150000
    0.1891580000
    0.1937380000
    0.1801070000
    0.1873730000
    0.1949760000
    0.1970820000
    0.1936600000
    0.1837080000
    0.2142750000
    0.1902070000
    0.1812790000
