   -0.0040060000
   -0.0394050000
    0.0091920000
   -0.0008080000
   -0.0183850000
   -0.0296760000
   -0.0015480000
    0.0112640000
    0.0091120000
   -0.0090920000
   -0.0463360000
    0.0136190000
   -0.0447330000
   -0.0003290000
    0.0196030000
   -0.0523130000
   -0.0287600000
    0.0088860000
   -0.0267640000
    0.0251000000
   -0.0380060000
   -0.0295680000
   -0.0536650000
   -0.0082850000
   -0.0254030000
   -0.0599970000
   -0.0162350000
   -0.0148600000
   -0.0691080000
   -0.0355100000
    0.0135440000
    0.1118520000
   -0.0028100000
    0.0646860000
    0.0579040000
    0.0555740000
    0.0623750000
    0.0843330000
    0.1186510000
    0.0539650000
    0.0228860000
   -0.0490370000
   -0.0034920000
   -0.0338600000
   -0.0151580000
   -0.0225360000
   -0.0491470000
   -0.0649130000
   -0.0335460000
   -0.0296920000
   -0.0363410000
    0.0346560000
   -0.0223860000
   -0.0103860000
   -0.0181060000
   -0.0283840000
   -0.0103050000
    0.0017940000
   -0.0596230000
    0.0327350000
   -0.0419970000
   -0.0139180000
    0.0246830000
    0.0229720000
    0.0189750000
    0.0066220000
   -0.0218650000
   -0.0277170000
    0.0146580000
   -0.0010220000
   -0.1713230000
   -0.2075490000
   -0.1766270000
   -0.0330070000
   -0.0322300000
    0.1314640000
   -0.2284630000
   -0.1836880000
   -0.1784610000
   -0.2180340000
    0.0031170000
    0.0598160000
   -0.0302330000
   -0.2022150000
   -0.1833880000
   -0.1875040000
   -0.1889830000
   -0.1954370000
    0.0054250000
    0.0813990000
   -0.2384460000
   -0.2546740000
    0.0892870000
    0.0998300000
   -0.2717650000
   -0.2433110000
    0.1136760000
   -0.0495110000
    0.0464700000
    0.0237290000
   -0.2302910000
   -0.1629510000
   -0.1931260000
   -0.1806410000
   -0.2390580000
    0.1305200000
   -0.2710910000
   -0.1711490000
   -0.1846630000
   -0.2728270000
    0.0914520000
    0.0124930000
    0.0209180000
   -0.2068220000
   -0.2077970000
   -0.1679510000
   -0.1928480000
   -0.2157790000
   -0.0677790000
    0.0898740000
   -0.2123730000
   -0.2476360000
    0.0260970000
    0.0780400000
   -0.2532080000
   -0.2004540000
    0.1410930000
   -0.0239220000
   -0.1393620000
    0.0501780000
    0.0858190000
   -0.1547050000
   -0.2014570000
   -0.1885950000
    0.1951200000
    0.1896900000
    0.1933660000
    0.1956620000
    0.1935550000
    0.1838240000
    0.1950510000
    0.1963020000
    0.1965860000
    0.1871590000
    0.2018890000
    0.1883290000
    0.1998090000
    0.2079800000
    0.1909070000
    0.2023960000
    0.1858900000
    0.2025790000
    0.1889940000
    0.1959420000
    0.1991880000
    0.1821290000
    0.1927470000
    0.1845920000
    0.1999470000
    0.2005580000
    0.1878540000
    0.1994660000
    0.1881980000
    0.1980230000
    0.2100220000
    0.2037400000
    0.1985580000
    0.2093800000
    0.1943880000
    0.1902070000
