    0.0114720000
   -0.0148460000
   -0.0053500000
   -0.0027000000
    0.0025200000
    0.0013920000
    0.0262840000
   -0.0143570000
    0.0253640000
   -0.0242010000
   -0.0274170000
    0.0160670000
   -0.0069220000
   -0.0475290000
    0.0058810000
    0.0195140000
   -0.0066170000
   -0.0288190000
   -0.0000010000
   -0.0257230000
   -0.0532430000
   -0.0548340000
   -0.0746930000
   -0.0025430000
   -0.0459630000
    0.0112090000
    0.0091670000
   -0.0459190000
   -0.0171160000
   -0.0161880000
    0.0199970000
    0.0736440000
   -0.0042290000
    0.0435810000
    0.0438840000
    0.0519730000
   -0.0061360000
    0.0691570000
    0.0171410000
    0.0979050000
   -0.0585630000
   -0.0265510000
    0.0059890000
   -0.0285770000
    0.0291000000
   -0.0285530000
   -0.0533810000
   -0.0339060000
   -0.0718920000
   -0.0562400000
    0.0314960000
   -0.0091720000
    0.0077690000
    0.0174670000
   -0.0094780000
   -0.0143040000
   -0.0238750000
   -0.0278140000
    0.0119470000
   -0.0028130000
   -0.0006570000
   -0.0059770000
   -0.0215260000
   -0.0230340000
   -0.0146480000
   -0.0288340000
    0.0157070000
   -0.0043480000
    0.0137640000
   -0.0161460000
   -0.1752260000
   -0.1619040000
   -0.2433960000
    0.0601290000
    0.0152390000
    0.0418420000
   -0.2132730000
   -0.1928480000
   -0.1308960000
   -0.2699210000
    0.1234090000
    0.0348120000
    0.0313790000
   -0.2098830000
   -0.1963560000
   -0.1590010000
   -0.1676630000
   -0.1818680000
   -0.0770780000
    0.0540370000
   -0.2003010000
   -0.2422770000
    0.0504720000
    0.0488640000
   -0.2308230000
   -0.2268040000
    0.1358200000
   -0.0602910000
    0.0768040000
   -0.0459940000
   -0.1806190000
   -0.1784400000
   -0.1782170000
   -0.1817610000
   -0.1648080000
    0.0382230000
   -0.2137170000
   -0.1799650000
   -0.1750120000
   -0.2109780000
    0.0850010000
   -0.0175890000
   -0.0496650000
   -0.1798590000
   -0.1858630000
   -0.1691480000
   -0.1874460000
   -0.1768860000
    0.0053530000
    0.0846130000
   -0.1840950000
   -0.2823750000
    0.1338630000
    0.0104630000
   -0.2423080000
   -0.2190610000
    0.0653710000
    0.0174580000
   -0.1592850000
    0.1254950000
    0.0654170000
   -0.1941250000
   -0.2204520000
   -0.1775860000
    0.1730290000
    0.1890540000
    0.1881180000
    0.1946400000
    0.1821420000
    0.1732780000
    0.1854490000
    0.1961090000
    0.1838280000
    0.1758000000
    0.1827120000
    0.1958010000
    0.1936740000
    0.1939730000
    0.1959590000
    0.1985590000
    0.1886320000
    0.1924900000
    0.1814210000
    0.1814500000
    0.1899430000
    0.1965180000
    0.1805100000
    0.1787080000
    0.1901220000
    0.1835320000
    0.1955610000
    0.1832370000
    0.1819820000
    0.1951040000
    0.1975840000
    0.1967000000
    0.1988960000
    0.2003660000
    0.1881800000
    0.1941770000
