   -0.0283990000
    0.0149040000
   -0.0358160000
   -0.0038700000
    0.0062650000
   -0.0152190000
   -0.0117970000
    0.0007090000
    0.0462070000
   -0.0363310000
   -0.0186730000
    0.0279350000
   -0.0193640000
    0.0166860000
   -0.0439400000
   -0.0292830000
   -0.0072720000
   -0.0014020000
   -0.0179510000
    0.0150900000
   -0.0243420000
   -0.0604480000
   -0.0202760000
   -0.0660810000
   -0.0764130000
   -0.0079640000
   -0.0559940000
   -0.0084170000
   -0.0673790000
   -0.0400320000
    0.0678570000
   -0.0153650000
    0.0348850000
    0.0376230000
   -0.0405040000
    0.0297740000
    0.0261950000
   -0.0216490000
    0.0176380000
    0.0493110000
   -0.0243060000
   -0.0421510000
   -0.0798390000
   -0.0394100000
   -0.0547580000
   -0.0060870000
   -0.0441380000
   -0.0428240000
   -0.0066800000
   -0.0740170000
    0.0039410000
   -0.0189250000
    0.0076780000
   -0.0030750000
    0.0271710000
    0.0121790000
    0.0053280000
   -0.0205210000
   -0.0345030000
   -0.0094110000
   -0.0089100000
   -0.0066500000
   -0.0179900000
   -0.0426640000
   -0.0156240000
    0.0016190000
    0.0105730000
   -0.0066470000
   -0.0115540000
   -0.0219420000
   -0.1681370000
   -0.1885540000
   -0.2028630000
    0.0592120000
    0.1190330000
    0.0330440000
   -0.2045800000
   -0.1604770000
   -0.1573430000
   -0.2089880000
    0.0770030000
    0.0155430000
   -0.0133340000
   -0.1738160000
   -0.1937360000
   -0.1667130000
   -0.1870690000
   -0.1812960000
   -0.0312320000
    0.1407260000
   -0.2404470000
   -0.2157740000
    0.0411270000
    0.0585160000
   -0.2511080000
   -0.1717700000
    0.0615640000
   -0.0551400000
    0.0974390000
    0.0153860000
   -0.1834560000
   -0.1657110000
   -0.1897200000
   -0.1598590000
   -0.1909260000
    0.0777020000
   -0.2251990000
   -0.1563650000
   -0.1662640000
   -0.2085230000
    0.0972590000
    0.0037920000
    0.0269760000
   -0.2063520000
   -0.1747820000
   -0.1718030000
   -0.1721120000
   -0.2050070000
    0.0748550000
    0.1076430000
   -0.2655250000
   -0.2385150000
    0.0433290000
    0.0801060000
   -0.2249630000
   -0.2049560000
    0.1085710000
   -0.0034360000
   -0.2061500000
    0.1391830000
    0.0660770000
   -0.1191160000
   -0.2117590000
   -0.1619480000
    0.1765800000
    0.1901510000
    0.1954180000
    0.1927240000
    0.1818140000
    0.1773490000
    0.1910140000
    0.1940010000
    0.1801370000
    0.1843090000
    0.1879040000
    0.1890350000
    0.1954410000
    0.2052960000
    0.1841540000
    0.1971600000
    0.1931870000
    0.1878170000
    0.1675880000
    0.1965610000
    0.1836990000
    0.1930800000
    0.1811520000
    0.1816320000
    0.1930190000
    0.1832240000
    0.1885080000
    0.1755090000
    0.1883750000
    0.1838200000
    0.2005270000
    0.1813780000
    0.2070720000
    0.1924830000
    0.1909490000
    0.1959120000
