   -0.0515370000
    0.0361820000
   -0.0386220000
   -0.0437840000
    0.0102510000
   -0.0209090000
   -0.0218640000
   -0.0578310000
    0.0193310000
   -0.0399410000
   -0.0427970000
   -0.0329380000
    0.0098940000
    0.0145810000
    0.0489150000
   -0.0094890000
   -0.0665510000
    0.0112690000
   -0.0150920000
   -0.0636740000
   -0.0145010000
   -0.0541880000
   -0.0370020000
   -0.0153050000
   -0.0492440000
    0.0106370000
   -0.0343020000
   -0.0402290000
   -0.0428060000
   -0.0305550000
   -0.0089480000
    0.1127640000
    0.0082650000
    0.1223310000
    0.0151130000
    0.1010110000
    0.0729440000
    0.0174170000
    0.0661180000
    0.0313470000
    0.0051990000
   -0.0720320000
   -0.0435020000
   -0.0501820000
   -0.0682560000
   -0.0155160000
   -0.0307890000
   -0.0628310000
   -0.0146400000
   -0.0676900000
    0.0213530000
   -0.0122360000
    0.0228330000
    0.0392580000
   -0.0408250000
   -0.0413670000
   -0.0209750000
   -0.0091530000
    0.0065230000
    0.0320810000
   -0.0110220000
   -0.0356620000
   -0.0286780000
   -0.0169190000
   -0.0231150000
   -0.0266020000
   -0.0229540000
   -0.0162620000
    0.0010410000
   -0.0333270000
   -0.1638140000
   -0.1978190000
   -0.1758500000
    0.0058060000
   -0.0414630000
    0.1012070000
   -0.2314940000
   -0.1838470000
   -0.1418530000
   -0.2733830000
    0.0523510000
    0.1017380000
   -0.0169510000
   -0.1724910000
   -0.1897960000
   -0.1558860000
   -0.1851420000
   -0.1973000000
   -0.0794000000
    0.1245650000
   -0.2184840000
   -0.2295920000
    0.0710370000
    0.0539590000
   -0.2295420000
   -0.2107360000
    0.1005550000
   -0.0280580000
    0.0858960000
   -0.0058840000
   -0.1897340000
   -0.1996340000
   -0.1689170000
   -0.1855600000
   -0.1802180000
    0.0529720000
   -0.2705310000
   -0.1806050000
   -0.1670410000
   -0.2316540000
    0.1357590000
   -0.0571350000
   -0.0046890000
   -0.1878470000
   -0.1800200000
   -0.1820720000
   -0.1740910000
   -0.2211910000
    0.0569850000
    0.1622150000
   -0.2409340000
   -0.2418710000
    0.0408460000
    0.1110620000
   -0.2355520000
   -0.2106880000
    0.1489430000
    0.0288470000
   -0.0925730000
    0.0138090000
    0.1306220000
   -0.1369990000
   -0.1705030000
   -0.2046460000
    0.1902690000
    0.1822160000
    0.1939630000
    0.2002440000
    0.1710630000
    0.1853680000
    0.1820220000
    0.1937550000
    0.1788400000
    0.1842200000
    0.1791360000
    0.1953620000
    0.2040680000
    0.1886120000
    0.1888840000
    0.2043170000
    0.1930810000
    0.1846800000
    0.1898910000
    0.1829830000
    0.1920860000
    0.1969600000
    0.1741100000
    0.1901680000
    0.1928190000
    0.1889750000
    0.1937040000
    0.1801090000
    0.1873200000
    0.1949660000
    0.1970760000
    0.1936630000
    0.1836970000
    0.2142480000
    0.1901620000
    0.1812640000
