   -0.0292260000
   -0.0132390000
   -0.0712470000
   -0.0062720000
   -0.0221840000
   -0.0215290000
   -0.0075130000
   -0.0006430000
    0.0361150000
   -0.0558840000
   -0.0225400000
    0.0368430000
   -0.0196000000
    0.0143870000
   -0.0388330000
   -0.0450750000
   -0.0132670000
    0.0221800000
   -0.0372490000
   -0.0056590000
   -0.0298550000
   -0.0575720000
   -0.0422580000
   -0.0498500000
   -0.0603620000
   -0.0039320000
   -0.0484060000
   -0.0057760000
   -0.0605570000
   -0.0447540000
    0.0914810000
    0.0015800000
    0.0861450000
    0.0594780000
    0.0064690000
    0.0749370000
    0.0752360000
    0.0015360000
    0.0492360000
    0.0652330000
   -0.0308780000
   -0.0342320000
   -0.0672000000
   -0.0566050000
   -0.0522720000
   -0.0202580000
   -0.0400310000
   -0.0345940000
   -0.0055970000
   -0.0619880000
   -0.0071830000
   -0.0234940000
   -0.0101160000
   -0.0281370000
    0.0282360000
    0.0075530000
   -0.0054670000
   -0.0247970000
   -0.0405150000
   -0.0095950000
   -0.0319770000
    0.0041680000
   -0.0170820000
   -0.0129490000
   -0.0191100000
   -0.0020330000
   -0.0231350000
   -0.0492340000
   -0.0508010000
   -0.0237980000
   -0.1698760000
   -0.1898580000
   -0.2043230000
    0.0589280000
    0.0755760000
    0.0326830000
   -0.2121320000
   -0.1554200000
   -0.1728280000
   -0.2062460000
    0.0737540000
   -0.0044190000
   -0.0131170000
   -0.1724460000
   -0.1935630000
   -0.1663550000
   -0.1843290000
   -0.1832910000
   -0.0036620000
    0.1713550000
   -0.2530170000
   -0.1924040000
    0.0487750000
    0.0414220000
   -0.2286900000
   -0.1964010000
    0.0811590000
   -0.0386950000
    0.0510980000
    0.0129670000
   -0.1897370000
   -0.1596750000
   -0.1917680000
   -0.1613860000
   -0.1910290000
    0.0797800000
   -0.2326890000
   -0.1653090000
   -0.1719860000
   -0.2175200000
    0.0943390000
   -0.0295030000
    0.0267140000
   -0.2061750000
   -0.1758220000
   -0.1723880000
   -0.1691430000
   -0.2096930000
    0.0803680000
    0.1450360000
   -0.2819780000
   -0.1896910000
    0.0603690000
    0.0647860000
   -0.1845140000
   -0.2328410000
    0.1385770000
   -0.0133780000
   -0.2104410000
    0.1373540000
    0.0660280000
   -0.1165270000
   -0.2193930000
   -0.1581750000
    0.1765140000
    0.1900300000
    0.1954350000
    0.1926330000
    0.1817890000
    0.1773820000
    0.1910070000
    0.1939930000
    0.1801070000
    0.1843280000
    0.1878890000
    0.1890370000
    0.1954540000
    0.2052840000
    0.1841100000
    0.1971280000
    0.1935080000
    0.1876230000
    0.1677220000
    0.1964250000
    0.1835630000
    0.1931460000
    0.1810880000
    0.1816570000
    0.1929980000
    0.1832300000
    0.1884110000
    0.1754610000
    0.1882400000
    0.1839150000
    0.2004420000
    0.1804970000
    0.2068990000
    0.1925050000
    0.1910940000
    0.1957640000
