   -0.0362490000
    0.0537070000
   -0.0506140000
   -0.0173500000
    0.0066570000
    0.0112080000
    0.0106680000
   -0.0168370000
    0.0206210000
   -0.0309600000
   -0.0289170000
   -0.0201420000
   -0.0182460000
   -0.0115120000
    0.0517270000
   -0.0059940000
   -0.0775770000
    0.0304700000
   -0.0055890000
   -0.0579650000
   -0.0061250000
   -0.0645860000
   -0.0348890000
    0.0214260000
   -0.0973350000
   -0.0033630000
   -0.0335580000
   -0.0804540000
   -0.0174700000
   -0.0283170000
   -0.0055480000
    0.1096960000
    0.0077890000
    0.1252530000
    0.0156820000
    0.1007960000
    0.0793390000
    0.0130770000
    0.0661360000
    0.0418570000
   -0.0066650000
   -0.0373040000
   -0.0263930000
   -0.0411110000
   -0.0932900000
   -0.0079780000
   -0.0634530000
   -0.0628160000
   -0.0393540000
   -0.1107410000
    0.0225070000
   -0.0327510000
    0.0314600000
    0.0446870000
   -0.0194280000
   -0.0133270000
   -0.0294590000
   -0.0007720000
   -0.0078810000
    0.0120400000
   -0.0055850000
   -0.0235270000
   -0.0347510000
   -0.0152050000
   -0.0117660000
   -0.0274260000
   -0.0128260000
   -0.0208350000
   -0.0030080000
   -0.0169370000
   -0.1612040000
   -0.1961220000
   -0.1749310000
    0.0080260000
   -0.0421040000
    0.0807130000
   -0.2129570000
   -0.1890190000
   -0.1523520000
   -0.2527990000
    0.0328640000
    0.1062380000
   -0.0097150000
   -0.1673240000
   -0.1895420000
   -0.1486420000
   -0.1827960000
   -0.1942580000
   -0.0870510000
    0.1297440000
   -0.2192940000
   -0.2019580000
    0.0604440000
    0.0429320000
   -0.2162080000
   -0.2200980000
    0.1020470000
   -0.0571990000
    0.0852530000
   -0.0041420000
   -0.1876810000
   -0.1999970000
   -0.1657660000
   -0.1841520000
   -0.1789910000
    0.0375460000
   -0.2511870000
   -0.1763740000
   -0.1835120000
   -0.2100620000
    0.1166640000
   -0.0481820000
    0.0011000000
   -0.1806770000
   -0.1795850000
   -0.1758630000
   -0.1676750000
   -0.2199860000
    0.0624020000
    0.1573410000
   -0.2429840000
   -0.2293480000
    0.0243070000
    0.0926990000
   -0.2288910000
   -0.2180040000
    0.1422530000
    0.0073740000
   -0.1255930000
   -0.0098900000
    0.1078940000
   -0.1677860000
   -0.1685960000
   -0.2047450000
    0.1903050000
    0.1822280000
    0.1940520000
    0.2002560000
    0.1709910000
    0.1854190000
    0.1820750000
    0.1937760000
    0.1788610000
    0.1842290000
    0.1791290000
    0.1945110000
    0.2040840000
    0.1886000000
    0.1888870000
    0.2043390000
    0.1930830000
    0.1846820000
    0.1899180000
    0.1829890000
    0.1922480000
    0.1970010000
    0.1741250000
    0.1901870000
    0.1928730000
    0.1893750000
    0.1937340000
    0.1801520000
    0.1874400000
    0.1950360000
    0.1970930000
    0.1936740000
    0.1836830000
    0.2143290000
    0.1901630000
    0.1812540000
