   -0.0001510000
   -0.0090330000
    0.0122810000
    0.0009910000
   -0.0009980000
   -0.0023910000
   -0.0252040000
   -0.0109260000
    0.0315880000
   -0.0100650000
   -0.0334640000
    0.0162420000
   -0.0380640000
    0.0130810000
    0.0302930000
   -0.0457740000
   -0.0383400000
    0.0334050000
   -0.0370520000
    0.0132490000
   -0.0463230000
   -0.0325500000
   -0.0691230000
   -0.0358360000
   -0.0252980000
   -0.0771760000
    0.0020560000
   -0.0171130000
   -0.0775990000
   -0.0162230000
    0.0067370000
    0.1020620000
   -0.0126680000
    0.0660480000
    0.0576430000
    0.0621530000
    0.0571800000
    0.0873710000
    0.1100140000
    0.0482020000
    0.0290380000
   -0.0618710000
   -0.0321520000
   -0.0798690000
   -0.0407310000
   -0.0384160000
   -0.0543240000
   -0.0517370000
   -0.0408360000
   -0.0243380000
   -0.0479520000
    0.0194480000
   -0.0325790000
   -0.0271440000
   -0.0279210000
   -0.0416980000
    0.0006660000
    0.0166190000
   -0.0503040000
    0.0222130000
   -0.0384630000
   -0.0208070000
    0.0222440000
   -0.0169160000
   -0.0059790000
   -0.0020130000
   -0.0063020000
   -0.0094100000
    0.0387640000
    0.0087180000
   -0.1699380000
   -0.2078120000
   -0.1756760000
   -0.0312260000
   -0.0290640000
    0.1415000000
   -0.2278220000
   -0.1797890000
   -0.1697030000
   -0.2180850000
    0.0122590000
    0.0593130000
   -0.0306020000
   -0.2023800000
   -0.1834520000
   -0.1876960000
   -0.1890170000
   -0.1961490000
    0.0173310000
    0.0853170000
   -0.2374990000
   -0.2519990000
    0.0932120000
    0.1036500000
   -0.2707510000
   -0.2417870000
    0.1166060000
   -0.0425510000
    0.0501470000
    0.0242150000
   -0.2297870000
   -0.1629040000
   -0.1926340000
   -0.1805320000
   -0.2387300000
    0.1322340000
   -0.2690800000
   -0.1712050000
   -0.1816070000
   -0.2731830000
    0.0931490000
    0.0119750000
    0.0206460000
   -0.2070260000
   -0.2078280000
   -0.1682340000
   -0.1928720000
   -0.2159760000
   -0.0677120000
    0.0930450000
   -0.2126660000
   -0.2454060000
    0.0277070000
    0.0850570000
   -0.2511210000
   -0.1980780000
    0.1462490000
   -0.0059060000
   -0.1258160000
    0.0528850000
    0.0904700000
   -0.1512800000
   -0.2008780000
   -0.1884590000
    0.1951260000
    0.1896940000
    0.1934250000
    0.1956490000
    0.1935430000
    0.1838360000
    0.1950580000
    0.1962840000
    0.1965790000
    0.1871560000
    0.2018510000
    0.1880040000
    0.1998220000
    0.2079850000
    0.1909110000
    0.2024010000
    0.1858880000
    0.2025850000
    0.1889940000
    0.1959550000
    0.1991910000
    0.1821330000
    0.1927490000
    0.1845980000
    0.1999520000
    0.2005550000
    0.1878500000
    0.1994670000
    0.1881960000
    0.1980220000
    0.2100210000
    0.2037470000
    0.1985610000
    0.2093830000
    0.1943990000
    0.1902140000
