    0.0125570000
   -0.0149490000
   -0.0051430000
   -0.0003680000
    0.0028950000
    0.0041730000
    0.0303110000
   -0.0156840000
    0.0261430000
   -0.0291780000
   -0.0315940000
    0.0182300000
   -0.0049280000
   -0.0501150000
    0.0073490000
    0.0154710000
    0.0002090000
   -0.0233870000
   -0.0011310000
   -0.0247480000
   -0.0631130000
   -0.0434690000
   -0.0729110000
    0.0041340000
   -0.0406130000
    0.0023870000
    0.0023790000
   -0.0525650000
   -0.0186760000
   -0.0216450000
    0.0150710000
    0.0676900000
   -0.0110600000
    0.0417200000
    0.0407270000
    0.0485100000
   -0.0093430000
    0.0635830000
    0.0161380000
    0.0933420000
   -0.0658310000
   -0.0208790000
   -0.0003160000
   -0.0351310000
    0.0070160000
   -0.0277360000
   -0.0490150000
   -0.0335290000
   -0.0602980000
   -0.0640920000
    0.0351950000
   -0.0158560000
    0.0046310000
    0.0128270000
   -0.0119740000
   -0.0094680000
   -0.0282640000
   -0.0279460000
    0.0079750000
   -0.0011580000
    0.0040780000
   -0.0040000000
   -0.0213820000
   -0.0180050000
   -0.0048810000
   -0.0219810000
    0.0168150000
   -0.0052210000
    0.0113370000
   -0.0155860000
   -0.1743000000
   -0.1618540000
   -0.2421760000
    0.0610490000
    0.0194280000
    0.0410280000
   -0.2151150000
   -0.1909580000
   -0.1343860000
   -0.2728600000
    0.1241510000
    0.0385090000
    0.0342750000
   -0.2097670000
   -0.1943600000
   -0.1559870000
   -0.1674230000
   -0.1777510000
   -0.0741540000
    0.0531990000
   -0.1981380000
   -0.2425990000
    0.0521750000
    0.0495230000
   -0.2306990000
   -0.2246420000
    0.1353150000
   -0.0587230000
    0.0808250000
   -0.0449850000
   -0.1796120000
   -0.1783490000
   -0.1769090000
   -0.1815630000
   -0.1639370000
    0.0386330000
   -0.2111550000
   -0.1780100000
   -0.1740640000
   -0.2079220000
    0.0849490000
   -0.0118090000
   -0.0493480000
   -0.1795060000
   -0.1858230000
   -0.1687970000
   -0.1873250000
   -0.1764140000
    0.0070820000
    0.0849620000
   -0.1817080000
   -0.2822520000
    0.1357260000
    0.0107240000
   -0.2415090000
   -0.2176630000
    0.0654070000
    0.0148940000
   -0.1596740000
    0.1252720000
    0.0652090000
   -0.1942790000
   -0.2198170000
   -0.1773670000
    0.1730270000
    0.1890680000
    0.1881380000
    0.1946520000
    0.1821430000
    0.1734160000
    0.1854620000
    0.1961110000
    0.1838320000
    0.1757680000
    0.1827450000
    0.1958120000
    0.1936840000
    0.1939740000
    0.1959610000
    0.1985670000
    0.1886340000
    0.1925110000
    0.1814210000
    0.1814620000
    0.1899590000
    0.1965420000
    0.1805090000
    0.1787100000
    0.1901260000
    0.1835450000
    0.1955760000
    0.1832380000
    0.1819990000
    0.1951080000
    0.1975860000
    0.1967030000
    0.1989010000
    0.2003780000
    0.1881730000
    0.1941880000
