   -0.0207020000
    0.0264360000
   -0.0490790000
   -0.0234950000
   -0.0229420000
   -0.0133410000
    0.0094270000
   -0.0274220000
    0.0170680000
   -0.0197890000
   -0.0177730000
   -0.0211270000
    0.0176270000
    0.0185110000
    0.0280970000
   -0.0292870000
   -0.0855700000
    0.0297080000
   -0.0375190000
   -0.0968900000
   -0.0436630000
   -0.0734690000
   -0.0634950000
    0.0170510000
   -0.0488570000
   -0.0243380000
   -0.0233210000
   -0.0380530000
   -0.0201950000
   -0.0089610000
   -0.0089150000
    0.1034150000
    0.0034360000
    0.1257430000
    0.0128460000
    0.1016400000
    0.0685660000
    0.0116200000
    0.0611430000
    0.0317980000
    0.0072330000
   -0.0395160000
   -0.0284620000
   -0.0826810000
   -0.1000710000
   -0.0369480000
   -0.0208020000
   -0.0476300000
   -0.0498940000
   -0.0565120000
    0.0056780000
   -0.0187330000
    0.0145760000
    0.0164240000
   -0.0192680000
   -0.0201500000
   -0.0106680000
    0.0072620000
    0.0149670000
    0.0396080000
   -0.0086410000
   -0.0201970000
   -0.0475420000
   -0.0083810000
   -0.0319390000
   -0.0024850000
   -0.0389780000
   -0.0223590000
   -0.0237340000
   -0.0147040000
   -0.1600180000
   -0.1955800000
   -0.1743810000
    0.0091370000
   -0.0412240000
    0.0807720000
   -0.2077940000
   -0.1875430000
   -0.1511650000
   -0.2479370000
    0.0331260000
    0.1069290000
   -0.0093680000
   -0.1660060000
   -0.1896710000
   -0.1478090000
   -0.1818550000
   -0.1937980000
   -0.0827310000
    0.1353450000
   -0.2214530000
   -0.1984710000
    0.0646450000
    0.0439290000
   -0.2083000000
   -0.2206860000
    0.1050390000
   -0.0533230000
    0.0903850000
   -0.0024050000
   -0.1866930000
   -0.1996120000
   -0.1634570000
   -0.1838560000
   -0.1770230000
    0.0377370000
   -0.2433040000
   -0.1698210000
   -0.1826460000
   -0.2016680000
    0.1176960000
   -0.0422660000
    0.0029580000
   -0.1784480000
   -0.1795530000
   -0.1736460000
   -0.1659670000
   -0.2193370000
    0.0732300000
    0.1586540000
   -0.2420360000
   -0.2245580000
    0.0247400000
    0.0964710000
   -0.2224490000
   -0.2192410000
    0.1458890000
    0.0115780000
   -0.1262520000
   -0.0099320000
    0.1077130000
   -0.1675600000
   -0.1679970000
   -0.2046930000
    0.1903220000
    0.1822580000
    0.1937070000
    0.2002720000
    0.1710040000
    0.1854280000
    0.1821020000
    0.1938120000
    0.1788760000
    0.1842470000
    0.1790700000
    0.1957840000
    0.2040740000
    0.1885920000
    0.1888900000
    0.2043480000
    0.1930990000
    0.1846960000
    0.1899270000
    0.1830190000
    0.1922720000
    0.1970110000
    0.1741310000
    0.1901910000
    0.1928940000
    0.1894250000
    0.1937460000
    0.1801770000
    0.1875020000
    0.1950650000
    0.1970960000
    0.1936830000
    0.1836940000
    0.2143550000
    0.1901620000
    0.1812540000
