   -0.0474270000
   -0.0009020000
   -0.0000560000
   -0.0253170000
    0.0216190000
   -0.0253860000
   -0.0131150000
   -0.0125520000
   -0.0014720000
   -0.0055220000
   -0.0260280000
    0.0008270000
   -0.0479970000
    0.0068710000
    0.0324830000
   -0.0461490000
   -0.0291490000
   -0.0083060000
   -0.0235740000
    0.0342880000
   -0.0301870000
   -0.0361050000
   -0.0529030000
   -0.0336240000
   -0.0384620000
   -0.0674890000
    0.0146580000
   -0.0362840000
   -0.0787930000
   -0.0124100000
    0.0033700000
    0.1083330000
   -0.0030490000
    0.0665110000
    0.0599850000
    0.0525290000
    0.0685620000
    0.0907290000
    0.1069630000
    0.0471320000
    0.0365640000
   -0.0600290000
   -0.0251300000
   -0.0555640000
   -0.0357980000
   -0.0157500000
   -0.0738520000
   -0.0431750000
   -0.0302320000
   -0.0414190000
   -0.0403500000
    0.0203460000
   -0.0150870000
   -0.0070580000
   -0.0191340000
   -0.0354670000
    0.0068620000
    0.0183150000
   -0.0551970000
    0.0132630000
   -0.0603870000
   -0.0512110000
    0.0237830000
   -0.0433770000
   -0.0032530000
   -0.0517250000
    0.0074060000
   -0.0349810000
    0.0633860000
   -0.0061820000
   -0.1665530000
   -0.1994430000
   -0.1780400000
   -0.0291230000
   -0.0349600000
    0.1204510000
   -0.2074520000
   -0.1717070000
   -0.1884820000
   -0.1957560000
   -0.0015070000
    0.0612910000
   -0.0304270000
   -0.2023840000
   -0.1792340000
   -0.1871270000
   -0.1879440000
   -0.1926570000
    0.0083200000
    0.0943430000
   -0.2399190000
   -0.2365810000
    0.0933650000
    0.0988770000
   -0.2468740000
   -0.2462040000
    0.1260070000
   -0.0519180000
    0.0535940000
    0.0252450000
   -0.2289240000
   -0.1619380000
   -0.1908080000
   -0.1806600000
   -0.2370460000
    0.1254210000
   -0.2530950000
   -0.1643800000
   -0.1847250000
   -0.2484000000
    0.0870690000
    0.0291770000
    0.0302850000
   -0.1965390000
   -0.2073630000
   -0.1566850000
   -0.1893840000
   -0.2109600000
   -0.0389580000
    0.0971240000
   -0.2110340000
   -0.2305550000
    0.0237840000
    0.0774990000
   -0.2369770000
   -0.2040400000
    0.1522230000
   -0.0362220000
   -0.1613430000
    0.0422470000
    0.0758940000
   -0.1657920000
   -0.1928880000
   -0.1885790000
    0.1951240000
    0.1896650000
    0.1934140000
    0.1957890000
    0.1936970000
    0.1839050000
    0.1951930000
    0.1963640000
    0.1965790000
    0.1871570000
    0.2018410000
    0.1880640000
    0.1998040000
    0.2079840000
    0.1909170000
    0.2023820000
    0.1860210000
    0.2025940000
    0.1889990000
    0.1959510000
    0.1991980000
    0.1822180000
    0.1927420000
    0.1845850000
    0.2000930000
    0.2006350000
    0.1879100000
    0.1994660000
    0.1882520000
    0.1981440000
    0.2100610000
    0.2038470000
    0.1985900000
    0.2093900000
    0.1944320000
    0.1901980000
