   -0.0139860000
    0.0518850000
   -0.0271960000
   -0.0096220000
    0.0331530000
    0.0022230000
    0.0185970000
   -0.0216290000
    0.0328660000
   -0.0120700000
   -0.0023640000
   -0.0094990000
    0.0637540000
    0.0229690000
    0.0578140000
    0.0084010000
   -0.0208930000
    0.0316890000
    0.0036580000
   -0.0518710000
   -0.0043180000
   -0.0096600000
   -0.0310380000
    0.0202590000
   -0.0099600000
    0.0674130000
   -0.0130920000
   -0.0003350000
   -0.0147670000
   -0.0037870000
   -0.0080410000
    0.1092850000
    0.0060730000
    0.1248020000
    0.0133110000
    0.1024720000
    0.0708380000
    0.0160400000
    0.0642660000
    0.0325500000
    0.0157500000
   -0.0343880000
   -0.0242670000
   -0.0374090000
   -0.0377120000
   -0.0044760000
    0.0037490000
   -0.0414560000
    0.0381540000
   -0.0125050000
    0.0333690000
    0.0183710000
    0.0371100000
    0.0563090000
   -0.0087210000
   -0.0143120000
   -0.0011600000
    0.0169780000
    0.0207680000
    0.0632400000
    0.0151690000
   -0.0176100000
   -0.0171870000
   -0.0014970000
   -0.0063220000
    0.0081040000
   -0.0125700000
    0.0005620000
    0.0129530000
   -0.0041470000
   -0.1660500000
   -0.1980190000
   -0.1780550000
    0.0043770000
   -0.0669700000
    0.0703640000
   -0.2404910000
   -0.2051880000
   -0.1663620000
   -0.2801660000
    0.0234540000
    0.0772740000
   -0.0184950000
   -0.1757630000
   -0.1901520000
   -0.1594520000
   -0.1851270000
   -0.2006170000
   -0.1334350000
    0.0525630000
   -0.2330120000
   -0.2860960000
    0.0165420000
   -0.0016970000
   -0.2821180000
   -0.2381960000
    0.0285880000
   -0.0841520000
    0.0563510000
   -0.0094640000
   -0.1931600000
   -0.2007820000
   -0.1743460000
   -0.1860010000
   -0.1854880000
    0.0281640000
   -0.2771970000
   -0.2020180000
   -0.1929310000
   -0.2366940000
    0.1046410000
   -0.0742520000
   -0.0050620000
   -0.1882820000
   -0.1800720000
   -0.1824660000
   -0.1740540000
   -0.2217150000
    0.0195910000
    0.0893220000
   -0.2614030000
   -0.3103340000
   -0.0099690000
    0.0464070000
   -0.2967040000
   -0.2324930000
    0.0720780000
   -0.0218990000
   -0.1217440000
   -0.0005010000
    0.1070570000
   -0.1694500000
   -0.1719830000
   -0.2049480000
    0.1902560000
    0.1821580000
    0.1940640000
    0.2001320000
    0.1709480000
    0.1853610000
    0.1818920000
    0.1937220000
    0.1787420000
    0.1842270000
    0.1790690000
    0.1957590000
    0.2040170000
    0.1882490000
    0.1887650000
    0.2042790000
    0.1929990000
    0.1846070000
    0.1898810000
    0.1828770000
    0.1920170000
    0.1969510000
    0.1740700000
    0.1901520000
    0.1927740000
    0.1893750000
    0.1936870000
    0.1801100000
    0.1872820000
    0.1949750000
    0.1970050000
    0.1936250000
    0.1836030000
    0.2142540000
    0.1901030000
    0.1812290000
