   -0.0440710000
   -0.0032160000
   -0.0408790000
   -0.0375180000
    0.0140750000
   -0.0167420000
   -0.0416690000
   -0.0304800000
    0.0491510000
   -0.0506660000
   -0.0434840000
    0.0212760000
   -0.0188920000
    0.0187820000
   -0.0176340000
   -0.0289950000
   -0.0086410000
    0.0145730000
   -0.0237700000
    0.0164470000
   -0.0082890000
   -0.0433080000
   -0.0178050000
   -0.0981210000
   -0.0526700000
    0.0073040000
   -0.0615180000
   -0.0007150000
   -0.1048470000
   -0.0539930000
    0.0920360000
    0.0016040000
    0.0841870000
    0.0587330000
    0.0064620000
    0.0765860000
    0.0752160000
    0.0021360000
    0.0476460000
    0.0655730000
   -0.0363660000
   -0.0796940000
   -0.1171020000
   -0.0316340000
   -0.0396670000
    0.0001510000
   -0.0337600000
   -0.0479640000
    0.0106670000
   -0.0522340000
    0.0037840000
   -0.0193060000
    0.0010230000
   -0.0060450000
   -0.0166950000
   -0.0237140000
   -0.0132650000
   -0.0459890000
   -0.0263660000
   -0.0067110000
   -0.0094970000
   -0.0230430000
    0.0127490000
   -0.0338070000
   -0.0176190000
   -0.0258190000
   -0.0149000000
   -0.0152020000
   -0.0068380000
   -0.0676270000
   -0.1809150000
   -0.1908630000
   -0.2074960000
    0.0480460000
    0.1115120000
    0.0404110000
   -0.2226750000
   -0.1578230000
   -0.1668040000
   -0.2196260000
    0.0791620000
    0.0260130000
   -0.0144270000
   -0.1741810000
   -0.1935130000
   -0.1673100000
   -0.1874210000
   -0.1814270000
   -0.0380030000
    0.1929090000
   -0.2431660000
   -0.1842250000
    0.0603300000
    0.0595920000
   -0.2152060000
   -0.1852050000
    0.1061700000
   -0.0960500000
    0.0794970000
    0.0080690000
   -0.1885560000
   -0.1672220000
   -0.1974470000
   -0.1605180000
   -0.1961620000
    0.0830430000
   -0.2473880000
   -0.1561180000
   -0.1777510000
   -0.2255700000
    0.0992480000
    0.0063920000
    0.0221270000
   -0.2091320000
   -0.1753640000
   -0.1761270000
   -0.1729240000
   -0.2076870000
    0.0643280000
    0.1539990000
   -0.2730820000
   -0.2038310000
    0.0586510000
    0.0795410000
   -0.1928370000
   -0.2237050000
    0.1537230000
   -0.0520460000
   -0.2099270000
    0.1376180000
    0.0654980000
   -0.1208770000
   -0.2193670000
   -0.1638390000
    0.1764980000
    0.1901040000
    0.1953920000
    0.1926910000
    0.1817550000
    0.1773380000
    0.1910210000
    0.1939920000
    0.1801270000
    0.1843030000
    0.1878790000
    0.1889920000
    0.1954630000
    0.2052840000
    0.1841000000
    0.1971560000
    0.1932420000
    0.1877230000
    0.1675760000
    0.1965260000
    0.1835210000
    0.1930000000
    0.1810460000
    0.1815970000
    0.1929580000
    0.1831980000
    0.1885120000
    0.1752190000
    0.1883120000
    0.1838080000
    0.2002590000
    0.1816460000
    0.2070550000
    0.1925270000
    0.1909010000
    0.1958410000
