   -0.0532720000
   -0.0239050000
   -0.0107940000
   -0.0400150000
   -0.0013820000
   -0.0253610000
   -0.0164010000
   -0.0151830000
   -0.0020080000
   -0.0062180000
   -0.0274540000
   -0.0021850000
   -0.0656840000
   -0.0072190000
    0.0285680000
   -0.0483170000
   -0.0353950000
   -0.0106070000
   -0.0235640000
    0.0313970000
   -0.0282570000
   -0.0378560000
   -0.0514890000
   -0.0346970000
   -0.0449020000
   -0.0711730000
    0.0134630000
   -0.0419060000
   -0.0797670000
   -0.0124540000
    0.0001090000
    0.1037560000
   -0.0089250000
    0.0650780000
    0.0574490000
    0.0504360000
    0.0567360000
    0.0815060000
    0.1080650000
    0.0477550000
    0.0359850000
   -0.0614240000
   -0.0270970000
   -0.0537590000
   -0.0399580000
   -0.0147710000
   -0.0797550000
   -0.0444470000
   -0.0350210000
   -0.0492780000
   -0.0430840000
    0.0152340000
   -0.0162250000
   -0.0087080000
   -0.0267640000
   -0.0410560000
    0.0062000000
    0.0171780000
   -0.0712510000
   -0.0046250000
   -0.0637640000
   -0.0550390000
    0.0177500000
   -0.0489340000
   -0.0043020000
   -0.0607190000
   -0.0128260000
   -0.0479030000
    0.0362780000
   -0.0230660000
   -0.1681090000
   -0.2078590000
   -0.1710680000
   -0.0317030000
    0.0247020000
    0.1255920000
   -0.2045800000
   -0.1648220000
   -0.1766540000
   -0.1902110000
   -0.0019550000
    0.1251090000
   -0.0278840000
   -0.1962920000
   -0.1829050000
   -0.1841370000
   -0.1882060000
   -0.1909060000
   -0.0061980000
    0.1123310000
   -0.2233660000
   -0.2283450000
    0.1072040000
    0.1070320000
   -0.2367560000
   -0.2394200000
    0.1452660000
   -0.0660380000
    0.0779790000
    0.0245560000
   -0.2273930000
   -0.1628570000
   -0.1906790000
   -0.1801450000
   -0.2361900000
    0.1297520000
   -0.2570040000
   -0.1607880000
   -0.1803730000
   -0.2526010000
    0.0902210000
    0.0559080000
    0.0236520000
   -0.2007570000
   -0.2072640000
   -0.1619290000
   -0.1926670000
   -0.2101280000
   -0.0755890000
    0.1369340000
   -0.2039190000
   -0.2128170000
    0.0455950000
    0.0952460000
   -0.2199340000
   -0.1904390000
    0.1810180000
   -0.0485210000
   -0.1607620000
    0.0427290000
    0.0762740000
   -0.1662390000
   -0.1974730000
   -0.1881150000
    0.1951170000
    0.1898600000
    0.1934140000
    0.1957070000
    0.1936500000
    0.1838870000
    0.1950450000
    0.1963250000
    0.1967450000
    0.1871660000
    0.2021660000
    0.1882290000
    0.1998610000
    0.2079890000
    0.1909170000
    0.2024140000
    0.1859340000
    0.2026310000
    0.1890040000
    0.1960260000
    0.1991750000
    0.1821960000
    0.1927490000
    0.1845690000
    0.2001510000
    0.2005950000
    0.1879950000
    0.1994830000
    0.1883130000
    0.1980830000
    0.2100880000
    0.2038130000
    0.1986070000
    0.2094300000
    0.1944320000
    0.1903520000
