   -0.0083190000
   -0.0418370000
   -0.0173690000
   -0.0480270000
   -0.0024550000
   -0.0083900000
   -0.0187330000
   -0.0457840000
    0.0204780000
   -0.0336260000
   -0.0586150000
   -0.0001150000
   -0.0203090000
   -0.0467170000
    0.0091820000
    0.0097380000
   -0.0143580000
   -0.0340340000
   -0.0091390000
   -0.0271050000
   -0.0590580000
   -0.0419680000
   -0.0584220000
   -0.0273690000
   -0.0215760000
   -0.0095720000
   -0.0017540000
   -0.0495140000
   -0.0521630000
   -0.0250410000
    0.0424140000
    0.0931390000
    0.0107890000
    0.0611390000
    0.0593120000
    0.0724700000
    0.0146480000
    0.0809590000
    0.0339640000
    0.1176610000
   -0.0596130000
   -0.0508990000
   -0.0424570000
   -0.0331730000
   -0.0025230000
   -0.0263510000
   -0.0343370000
   -0.0393880000
   -0.0581270000
   -0.0619880000
    0.0248320000
   -0.0333090000
   -0.0000850000
    0.0012650000
   -0.0666680000
   -0.0487230000
   -0.0374130000
   -0.0431080000
    0.0133320000
   -0.0017990000
    0.0111270000
   -0.0266390000
   -0.0110780000
   -0.0343040000
   -0.0253440000
   -0.0699550000
   -0.0175390000
   -0.0070690000
    0.0087720000
   -0.0627620000
   -0.1730210000
   -0.1620000000
   -0.2390730000
    0.0612920000
    0.0523470000
    0.0477420000
   -0.2064010000
   -0.1791050000
   -0.1262020000
   -0.2600310000
    0.1302360000
    0.0917860000
    0.0349180000
   -0.2065940000
   -0.1951240000
   -0.1539030000
   -0.1673610000
   -0.1745600000
   -0.0793190000
    0.1135660000
   -0.1885300000
   -0.2140480000
    0.0821110000
    0.0523240000
   -0.1924730000
   -0.2360610000
    0.1771960000
   -0.0733700000
    0.0960260000
   -0.0484410000
   -0.1799750000
   -0.1784420000
   -0.1786500000
   -0.1823660000
   -0.1640920000
    0.0438760000
   -0.2121790000
   -0.1736350000
   -0.1713700000
   -0.2078020000
    0.0903250000
    0.0051630000
   -0.0495340000
   -0.1791860000
   -0.1856510000
   -0.1688750000
   -0.1875160000
   -0.1760170000
    0.0025660000
    0.1244090000
   -0.1859240000
   -0.2472020000
    0.1422420000
    0.0305310000
   -0.2196120000
   -0.2146750000
    0.1123060000
   -0.0031500000
   -0.1587430000
    0.1249070000
    0.0652750000
   -0.1938160000
   -0.2176620000
   -0.1770000000
    0.1730190000
    0.1891460000
    0.1881780000
    0.1946770000
    0.1821410000
    0.1741830000
    0.1851300000
    0.1961670000
    0.1836400000
    0.1756620000
    0.1828940000
    0.1958720000
    0.1937540000
    0.1939800000
    0.1959540000
    0.1985250000
    0.1886350000
    0.1925310000
    0.1814280000
    0.1814980000
    0.1899210000
    0.1965270000
    0.1805080000
    0.1787060000
    0.1901280000
    0.1835830000
    0.1956070000
    0.1832340000
    0.1820130000
    0.1950840000
    0.1975930000
    0.1967260000
    0.1988720000
    0.2004420000
    0.1881440000
    0.1942440000
