   -0.0432570000
    0.0528680000
   -0.0538800000
   -0.0187680000
    0.0078250000
   -0.0055720000
    0.0100690000
   -0.0257750000
    0.0130920000
   -0.0404770000
   -0.0354310000
   -0.0225760000
   -0.0308230000
   -0.0202900000
    0.0439930000
   -0.0197490000
   -0.0831190000
    0.0147460000
   -0.0068210000
   -0.0583450000
   -0.0054100000
   -0.0747680000
   -0.0344620000
    0.0171510000
   -0.1080720000
   -0.0137100000
   -0.0312260000
   -0.0899490000
   -0.0168820000
   -0.0288210000
   -0.0094830000
    0.1074050000
    0.0014990000
    0.1186690000
    0.0116210000
    0.0965770000
    0.0664530000
    0.0122440000
    0.0631370000
    0.0255860000
   -0.0061210000
   -0.0364870000
   -0.0266500000
   -0.0412710000
   -0.0999130000
   -0.0074540000
   -0.0727350000
   -0.0616300000
   -0.0452860000
   -0.1240080000
    0.0090760000
   -0.0416170000
    0.0314070000
    0.0430830000
   -0.0168070000
   -0.0192790000
   -0.0330430000
   -0.0050570000
   -0.0204750000
   -0.0010480000
   -0.0131760000
   -0.0236770000
   -0.0381220000
   -0.0248920000
   -0.0189030000
   -0.0332320000
   -0.0125700000
   -0.0232050000
   -0.0024840000
   -0.0183900000
   -0.1618020000
   -0.1976310000
   -0.1729700000
    0.0064910000
   -0.0055520000
    0.0865390000
   -0.2131910000
   -0.1839900000
   -0.1449650000
   -0.2555610000
    0.0369180000
    0.1434220000
   -0.0142770000
   -0.1669510000
   -0.1891750000
   -0.1499410000
   -0.1849620000
   -0.1910200000
   -0.1181530000
    0.1612790000
   -0.2118580000
   -0.1978520000
    0.0824260000
    0.0561500000
   -0.1971030000
   -0.2095110000
    0.1291130000
   -0.0708850000
    0.1232060000
   -0.0062590000
   -0.1866620000
   -0.1991980000
   -0.1668670000
   -0.1852340000
   -0.1771880000
    0.0446400000
   -0.2552400000
   -0.1773420000
   -0.1747470000
   -0.2139540000
    0.1166440000
   -0.0150580000
   -0.0033270000
   -0.1856640000
   -0.1795370000
   -0.1807960000
   -0.1740660000
   -0.2191930000
    0.0292890000
    0.1907850000
   -0.2365990000
   -0.2048730000
    0.0445240000
    0.1126150000
   -0.2004890000
   -0.2081190000
    0.1750280000
   -0.0093460000
   -0.1256110000
   -0.0096940000
    0.1078920000
   -0.1674630000
   -0.1687360000
   -0.2042610000
    0.1902540000
    0.1823140000
    0.1939890000
    0.2003050000
    0.1709610000
    0.1853680000
    0.1820300000
    0.1937710000
    0.1789770000
    0.1842040000
    0.1792820000
    0.1940230000
    0.2041550000
    0.1886150000
    0.1888980000
    0.2043410000
    0.1931160000
    0.1847900000
    0.1898810000
    0.1830860000
    0.1921380000
    0.1969800000
    0.1741550000
    0.1901880000
    0.1928330000
    0.1892420000
    0.1937960000
    0.1801070000
    0.1874390000
    0.1949880000
    0.1970840000
    0.1936670000
    0.1837350000
    0.2143180000
    0.1902580000
    0.1813140000
