   -0.0070520000
   -0.0626190000
    0.0035720000
   -0.0133060000
   -0.0418960000
   -0.0463890000
   -0.0160110000
   -0.0065620000
    0.0031080000
   -0.0311040000
   -0.0569960000
    0.0044060000
   -0.0384290000
   -0.0002660000
    0.0111430000
   -0.0480220000
   -0.0210140000
    0.0076050000
   -0.0219960000
    0.0258630000
   -0.0324630000
   -0.0307750000
   -0.0541180000
   -0.0269400000
   -0.0257630000
   -0.0603790000
   -0.0334660000
   -0.0207050000
   -0.0725000000
   -0.0469920000
    0.0002240000
    0.1026710000
   -0.0086600000
    0.0653250000
    0.0576180000
    0.0507380000
    0.0564590000
    0.0809100000
    0.1096430000
    0.0476400000
    0.0078190000
   -0.0471240000
   -0.0165980000
   -0.0569510000
   -0.0306530000
   -0.0190100000
   -0.0573760000
   -0.0891760000
   -0.0274750000
   -0.0250330000
   -0.0394020000
    0.0251950000
   -0.0150220000
   -0.0147680000
   -0.0194890000
   -0.0298210000
   -0.0233570000
   -0.0217620000
   -0.0584950000
    0.0200860000
   -0.0528230000
   -0.0366260000
   -0.0047550000
   -0.0162490000
   -0.0290490000
   -0.0011430000
   -0.0503800000
   -0.0369960000
   -0.0084750000
   -0.0176570000
   -0.1683240000
   -0.2078380000
   -0.1713220000
   -0.0319550000
    0.0223270000
    0.1252860000
   -0.2054590000
   -0.1657550000
   -0.1772320000
   -0.1914400000
   -0.0018520000
    0.1228820000
   -0.0279950000
   -0.1965140000
   -0.1829020000
   -0.1842820000
   -0.1881780000
   -0.1910230000
   -0.0065450000
    0.1125370000
   -0.2240750000
   -0.2275100000
    0.1067670000
    0.1077840000
   -0.2366530000
   -0.2390060000
    0.1458050000
   -0.0660140000
    0.0794940000
    0.0246490000
   -0.2272220000
   -0.1628490000
   -0.1905250000
   -0.1801110000
   -0.2360480000
    0.1298650000
   -0.2561500000
   -0.1602640000
   -0.1799140000
   -0.2516350000
    0.0903170000
    0.0576390000
    0.0238290000
   -0.2004790000
   -0.2072310000
   -0.1616240000
   -0.1926580000
   -0.2098480000
   -0.0754490000
    0.1378310000
   -0.2033440000
   -0.2126850000
    0.0466060000
    0.0949330000
   -0.2190850000
   -0.1909310000
    0.1812940000
   -0.0483160000
   -0.1605930000
    0.0427390000
    0.0763260000
   -0.1662150000
   -0.1976890000
   -0.1881140000
    0.1951160000
    0.1898510000
    0.1933580000
    0.1956960000
    0.1936470000
    0.1838850000
    0.1950460000
    0.1963230000
    0.1967400000
    0.1871650000
    0.2021570000
    0.1881760000
    0.1998600000
    0.2079890000
    0.1909170000
    0.2024150000
    0.1859340000
    0.2026340000
    0.1890040000
    0.1960300000
    0.1991750000
    0.1822000000
    0.1927490000
    0.1845690000
    0.2001600000
    0.2005980000
    0.1880010000
    0.1994840000
    0.1883180000
    0.1980850000
    0.2100920000
    0.2038130000
    0.1986070000
    0.2094340000
    0.1944270000
    0.1903450000
