   -0.0221030000
    0.0221840000
   -0.0534760000
   -0.0233950000
   -0.0317110000
   -0.0225230000
    0.0089710000
   -0.0281890000
    0.0137700000
   -0.0219270000
   -0.0228460000
   -0.0205600000
    0.0134730000
    0.0150750000
    0.0195970000
   -0.0392170000
   -0.0898690000
    0.0242980000
   -0.0421260000
   -0.1012380000
   -0.0479790000
   -0.0815090000
   -0.0672720000
    0.0137990000
   -0.0524050000
   -0.0322570000
   -0.0239690000
   -0.0389960000
   -0.0184650000
   -0.0101640000
   -0.0087600000
    0.1022200000
    0.0014060000
    0.1207580000
    0.0099410000
    0.1000910000
    0.0658850000
    0.0119880000
    0.0617710000
    0.0268810000
    0.0057430000
   -0.0415460000
   -0.0284360000
   -0.0872390000
   -0.1038070000
   -0.0392120000
   -0.0245980000
   -0.0464880000
   -0.0539360000
   -0.0595340000
   -0.0003260000
   -0.0219190000
    0.0105470000
    0.0128100000
   -0.0195080000
   -0.0253400000
   -0.0122670000
    0.0054040000
    0.0115070000
    0.0382870000
   -0.0191990000
   -0.0210610000
   -0.0504730000
   -0.0091470000
   -0.0376680000
   -0.0027380000
   -0.0441910000
   -0.0268780000
   -0.0289690000
   -0.0144020000
   -0.1613650000
   -0.1975920000
   -0.1724710000
    0.0068150000
   -0.0018940000
    0.0866600000
   -0.2106650000
   -0.1828110000
   -0.1437670000
   -0.2534430000
    0.0370360000
    0.1464260000
   -0.0139400000
   -0.1663990000
   -0.1891370000
   -0.1494010000
   -0.1848990000
   -0.1896820000
   -0.1178690000
    0.1605590000
   -0.2121090000
   -0.1987850000
    0.0823750000
    0.0539010000
   -0.1979160000
   -0.2106190000
    0.1270380000
   -0.0710620000
    0.1202780000
   -0.0064750000
   -0.1869530000
   -0.1992800000
   -0.1672300000
   -0.1852660000
   -0.1776130000
    0.0444990000
   -0.2561870000
   -0.1777750000
   -0.1753460000
   -0.2145770000
    0.1163430000
   -0.0166930000
   -0.0033850000
   -0.1857550000
   -0.1795510000
   -0.1807990000
   -0.1740900000
   -0.2192380000
    0.0292230000
    0.1912730000
   -0.2369930000
   -0.2041570000
    0.0451620000
    0.1146870000
   -0.2016870000
   -0.2076830000
    0.1755850000
   -0.0089360000
   -0.1262070000
   -0.0100910000
    0.1077730000
   -0.1675480000
   -0.1685030000
   -0.2041780000
    0.1902510000
    0.1823530000
    0.1935030000
    0.2003160000
    0.1709640000
    0.1853690000
    0.1820400000
    0.1938000000
    0.1789970000
    0.1842220000
    0.1792230000
    0.1956220000
    0.2041590000
    0.1886190000
    0.1888970000
    0.2043370000
    0.1931110000
    0.1847830000
    0.1898810000
    0.1830770000
    0.1921380000
    0.1969790000
    0.1741540000
    0.1901870000
    0.1928330000
    0.1892960000
    0.1937930000
    0.1801070000
    0.1874360000
    0.1949870000
    0.1970820000
    0.1936700000
    0.1837340000
    0.2143180000
    0.1902630000
    0.1813210000
