   -0.0002420000
   -0.0304540000
   -0.0578050000
   -0.0010860000
   -0.0403270000
   -0.0079210000
    0.0198620000
   -0.0231790000
   -0.0029780000
   -0.0380930000
   -0.0448680000
    0.0185740000
   -0.0214120000
   -0.0556800000
   -0.0112090000
    0.0056530000
   -0.0115220000
   -0.0267170000
   -0.0407980000
   -0.0628940000
   -0.0995080000
   -0.0426660000
   -0.1034870000
    0.0011760000
   -0.0300820000
   -0.0057080000
    0.0076830000
   -0.0566800000
   -0.0175030000
   -0.0204110000
    0.0416050000
    0.0917890000
    0.0110310000
    0.0627390000
    0.0587700000
    0.0723370000
    0.0147020000
    0.0807020000
    0.0336960000
    0.1177570000
   -0.0502020000
   -0.0163970000
   -0.0006080000
   -0.0680340000
   -0.0014380000
   -0.0601480000
   -0.0385040000
   -0.0298270000
   -0.0587050000
   -0.0717690000
    0.0234810000
   -0.0293130000
   -0.0211500000
   -0.0216140000
   -0.0243710000
   -0.0213520000
   -0.0365160000
   -0.0320880000
    0.0035700000
   -0.0048540000
   -0.0049950000
    0.0040740000
   -0.0387720000
   -0.0245180000
   -0.0125820000
   -0.0486650000
    0.0020870000
   -0.0468830000
   -0.0367360000
   -0.0114430000
   -0.1730120000
   -0.1620000000
   -0.2390670000
    0.0613040000
    0.0524370000
    0.0477640000
   -0.2059930000
   -0.1789430000
   -0.1258140000
   -0.2591840000
    0.1302810000
    0.0918550000
    0.0348400000
   -0.2064940000
   -0.1955200000
   -0.1541880000
   -0.1673110000
   -0.1745780000
   -0.0792950000
    0.1133210000
   -0.1885520000
   -0.2141420000
    0.0819670000
    0.0522960000
   -0.1925690000
   -0.2360360000
    0.1771210000
   -0.0733530000
    0.0960520000
   -0.0484370000
   -0.1799700000
   -0.1784410000
   -0.1786430000
   -0.1823650000
   -0.1640860000
    0.0438910000
   -0.2121470000
   -0.1735960000
   -0.1713520000
   -0.2077470000
    0.0903220000
    0.0052780000
   -0.0495300000
   -0.1791800000
   -0.1856500000
   -0.1688700000
   -0.1875150000
   -0.1760090000
    0.0025760000
    0.1244780000
   -0.1858910000
   -0.2471640000
    0.1422820000
    0.0306280000
   -0.2196140000
   -0.2145690000
    0.1122930000
   -0.0029600000
   -0.1587530000
    0.1249070000
    0.0652690000
   -0.1938210000
   -0.2176480000
   -0.1770010000
    0.1730190000
    0.1891460000
    0.1881790000
    0.1946770000
    0.1821450000
    0.1742190000
    0.1856210000
    0.1961700000
    0.1839400000
    0.1757600000
    0.1828860000
    0.1958730000
    0.1937490000
    0.1939800000
    0.1959540000
    0.1985250000
    0.1886350000
    0.1925310000
    0.1814280000
    0.1814980000
    0.1899220000
    0.1965270000
    0.1805080000
    0.1787060000
    0.1901290000
    0.1835830000
    0.1956070000
    0.1832340000
    0.1820140000
    0.1950840000
    0.1975930000
    0.1967270000
    0.1988730000
    0.2004420000
    0.1881460000
    0.1942440000
