   -0.0298070000
   -0.0141170000
   -0.0742060000
   -0.0057050000
   -0.0241140000
   -0.0230660000
   -0.0087860000
   -0.0012180000
    0.0344050000
   -0.0554740000
   -0.0223880000
    0.0363530000
   -0.0190130000
    0.0149600000
   -0.0391150000
   -0.0460630000
   -0.0128910000
    0.0226230000
   -0.0397110000
   -0.0088800000
   -0.0320740000
   -0.0582990000
   -0.0462490000
   -0.0506130000
   -0.0591540000
   -0.0038380000
   -0.0479910000
   -0.0050130000
   -0.0609730000
   -0.0440160000
    0.0918520000
    0.0017990000
    0.0871660000
    0.0596970000
    0.0074740000
    0.0760760000
    0.0765060000
    0.0020460000
    0.0496030000
    0.0655680000
   -0.0303450000
   -0.0346340000
   -0.0682510000
   -0.0591610000
   -0.0527540000
   -0.0233510000
   -0.0399590000
   -0.0340410000
   -0.0061440000
   -0.0609320000
   -0.0078870000
   -0.0243980000
   -0.0126020000
   -0.0309450000
    0.0279890000
    0.0065460000
   -0.0054480000
   -0.0243180000
   -0.0404730000
   -0.0093840000
   -0.0337560000
    0.0026660000
   -0.0191200000
   -0.0129730000
   -0.0191670000
   -0.0030550000
   -0.0240980000
   -0.0523900000
   -0.0534380000
   -0.0236720000
   -0.1804390000
   -0.1908580000
   -0.2072440000
    0.0483170000
    0.1130170000
    0.0405390000
   -0.2221040000
   -0.1575190000
   -0.1664330000
   -0.2191710000
    0.0793240000
    0.0271540000
   -0.0143960000
   -0.1741190000
   -0.1935000000
   -0.1672800000
   -0.1874130000
   -0.1813560000
   -0.0379950000
    0.1928490000
   -0.2428360000
   -0.1846010000
    0.0606860000
    0.0588230000
   -0.2151260000
   -0.1856990000
    0.1057640000
   -0.0962980000
    0.0776010000
    0.0078780000
   -0.1887910000
   -0.1672380000
   -0.1977160000
   -0.1605590000
   -0.1963970000
    0.0829740000
   -0.2482410000
   -0.1566270000
   -0.1783250000
   -0.2265850000
    0.0991180000
    0.0048340000
    0.0220380000
   -0.2093530000
   -0.1753150000
   -0.1762680000
   -0.1728480000
   -0.2078990000
    0.0642730000
    0.1539700000
   -0.2735420000
   -0.2035270000
    0.0583390000
    0.0805540000
   -0.1927320000
   -0.2231920000
    0.1544550000
   -0.0518290000
   -0.2098800000
    0.1376220000
    0.0654420000
   -0.1208950000
   -0.2190110000
   -0.1638650000
    0.1764210000
    0.1901090000
    0.1953910000
    0.1926990000
    0.1817560000
    0.1773390000
    0.1910230000
    0.1939940000
    0.1801300000
    0.1843030000
    0.1878830000
    0.1889940000
    0.1954630000
    0.2052830000
    0.1840970000
    0.1971550000
    0.1932420000
    0.1877150000
    0.1675760000
    0.1965220000
    0.1835130000
    0.1929980000
    0.1810390000
    0.1815960000
    0.1929550000
    0.1831980000
    0.1885100000
    0.1754050000
    0.1883250000
    0.1838090000
    0.2005000000
    0.1804350000
    0.2068940000
    0.1925810000
    0.1909000000
    0.1958400000
