   -0.0350620000
    0.0145420000
   -0.0438740000
   -0.0108450000
    0.0175990000
   -0.0083250000
   -0.0121780000
   -0.0004940000
    0.0479020000
   -0.0559390000
   -0.0273200000
    0.0322610000
   -0.0460510000
   -0.0068680000
   -0.0177320000
   -0.0601030000
   -0.0518960000
    0.0171960000
   -0.0189870000
    0.0107130000
   -0.0051650000
   -0.0862510000
   -0.0184660000
   -0.0514380000
   -0.0996430000
   -0.0182610000
   -0.0544050000
   -0.0410830000
   -0.0595130000
   -0.0412980000
    0.0920330000
    0.0015460000
    0.0868930000
    0.0570560000
    0.0063690000
    0.0747980000
    0.0765190000
   -0.0010320000
    0.0496380000
    0.0628430000
   -0.0313110000
   -0.0297830000
   -0.0685220000
   -0.0303630000
   -0.0819080000
    0.0053320000
   -0.0853720000
   -0.0321230000
   -0.0245580000
   -0.0867110000
   -0.0252240000
   -0.0480020000
    0.0030510000
   -0.0041390000
    0.0276080000
    0.0110420000
   -0.0083010000
   -0.0263680000
   -0.0684710000
   -0.0576410000
   -0.0145990000
   -0.0079130000
    0.0118610000
   -0.0236190000
   -0.0051760000
   -0.0051990000
    0.0083320000
   -0.0154690000
   -0.0025800000
   -0.0386040000
   -0.1803130000
   -0.1908260000
   -0.2072380000
    0.0483870000
    0.1130680000
    0.0405460000
   -0.2220540000
   -0.1574790000
   -0.1664240000
   -0.2191230000
    0.0793120000
    0.0272160000
   -0.0143940000
   -0.1741140000
   -0.1935000000
   -0.1672790000
   -0.1874130000
   -0.1813550000
   -0.0379820000
    0.1926800000
   -0.2428430000
   -0.1847020000
    0.0605890000
    0.0587840000
   -0.2152220000
   -0.1856770000
    0.1056080000
   -0.0962220000
    0.0779880000
    0.0079090000
   -0.1887560000
   -0.1672360000
   -0.1976650000
   -0.1605590000
   -0.1963420000
    0.0829660000
   -0.2480350000
   -0.1565260000
   -0.1781760000
   -0.2263280000
    0.0991460000
    0.0051490000
    0.0221210000
   -0.2093130000
   -0.1752760000
   -0.1761880000
   -0.1728590000
   -0.2078300000
    0.0643140000
    0.1538010000
   -0.2734280000
   -0.2033980000
    0.0582410000
    0.0804820000
   -0.1929150000
   -0.2231480000
    0.1542840000
   -0.0517630000
   -0.2098760000
    0.1376230000
    0.0654760000
   -0.1208950000
   -0.2189510000
   -0.1638270000
    0.1765140000
    0.1901100000
    0.1953920000
    0.1927000000
    0.1817570000
    0.1773390000
    0.1910220000
    0.1939940000
    0.1801310000
    0.1843030000
    0.1878830000
    0.1889940000
    0.1954630000
    0.2052840000
    0.1840990000
    0.1971550000
    0.1932420000
    0.1877160000
    0.1675760000
    0.1965230000
    0.1835150000
    0.1929990000
    0.1810400000
    0.1815960000
    0.1929560000
    0.1831980000
    0.1885120000
    0.1754330000
    0.1882430000
    0.1838100000
    0.2004350000
    0.1816460000
    0.2070430000
    0.1924340000
    0.1909020000
    0.1958560000
