    0.0159500000
   -0.0044980000
   -0.0145670000
   -0.0047420000
    0.0028330000
    0.0055820000
    0.0111120000
   -0.0286920000
    0.0172190000
   -0.0496630000
   -0.0541900000
    0.0125210000
   -0.0471790000
   -0.0711340000
    0.0091360000
   -0.0048820000
   -0.0305680000
   -0.0201770000
   -0.0135960000
   -0.0433240000
   -0.0842760000
   -0.0503920000
   -0.0629740000
   -0.0075140000
   -0.0468670000
   -0.0429910000
    0.0058930000
   -0.0923500000
   -0.0178700000
   -0.0375370000
    0.0372590000
    0.0911460000
    0.0063940000
    0.0583590000
    0.0574900000
    0.0669680000
    0.0108470000
    0.0798870000
    0.0330880000
    0.1153640000
   -0.0499030000
   -0.0245030000
    0.0020470000
   -0.0546010000
   -0.0368420000
   -0.0316730000
   -0.0602470000
   -0.0406020000
   -0.0732140000
   -0.1081350000
   -0.0040460000
   -0.0615690000
   -0.0102370000
   -0.0063460000
   -0.0268270000
   -0.0166340000
   -0.0360090000
   -0.0412030000
   -0.0226820000
   -0.0380910000
    0.0124490000
   -0.0004110000
   -0.0129120000
   -0.0228080000
   -0.0090620000
   -0.0457390000
    0.0201330000
   -0.0026100000
    0.0164670000
   -0.0151970000
   -0.1731110000
   -0.1620050000
   -0.2392630000
    0.0612100000
    0.0510160000
    0.0477710000
   -0.2069910000
   -0.1792810000
   -0.1266880000
   -0.2603810000
    0.1301300000
    0.0899030000
    0.0345940000
   -0.2062490000
   -0.1951930000
   -0.1543240000
   -0.1674030000
   -0.1747150000
   -0.0795120000
    0.1134200000
   -0.1890270000
   -0.2136540000
    0.0814700000
    0.0528190000
   -0.1926210000
   -0.2356920000
    0.1775210000
   -0.0732620000
    0.0974520000
   -0.0482900000
   -0.1797410000
   -0.1784220000
   -0.1783800000
   -0.1823460000
   -0.1638730000
    0.0440340000
   -0.2115390000
   -0.1731620000
   -0.1709830000
   -0.2071290000
    0.0904410000
    0.0067630000
   -0.0494730000
   -0.1791080000
   -0.1856380000
   -0.1688050000
   -0.1875010000
   -0.1759040000
    0.0025940000
    0.1249590000
   -0.1855160000
   -0.2471080000
    0.1428350000
    0.0303500000
   -0.2190110000
   -0.2151100000
    0.1125790000
   -0.0031250000
   -0.1587690000
    0.1249040000
    0.0652750000
   -0.1938090000
   -0.2177720000
   -0.1770130000
    0.1730190000
    0.1891420000
    0.1881760000
    0.1946730000
    0.1821440000
    0.1741370000
    0.1853730000
    0.1961630000
    0.1838870000
    0.1756690000
    0.1828800000
    0.1958730000
    0.1937500000
    0.1939800000
    0.1959540000
    0.1985260000
    0.1886350000
    0.1925370000
    0.1814290000
    0.1815020000
    0.1899240000
    0.1965330000
    0.1805080000
    0.1787060000
    0.1901290000
    0.1835860000
    0.1956110000
    0.1832340000
    0.1820170000
    0.1950840000
    0.1975930000
    0.1967270000
    0.1988710000
    0.2004410000
    0.1881460000
    0.1942410000
