   -0.0054890000
   -0.0151470000
    0.0108610000
    0.0034120000
   -0.0011760000
   -0.0260490000
   -0.0294930000
   -0.0242450000
    0.0102330000
   -0.0130400000
   -0.0415150000
    0.0145250000
   -0.0500540000
    0.0029420000
    0.0273470000
   -0.0657540000
   -0.0449650000
    0.0039160000
   -0.0545260000
    0.0064910000
   -0.0628220000
   -0.0414400000
   -0.0826920000
   -0.0449570000
   -0.0259320000
   -0.0820990000
    0.0029510000
   -0.0247910000
   -0.0874860000
   -0.0230890000
   -0.0002930000
    0.1021910000
   -0.0101520000
    0.0646960000
    0.0556770000
    0.0503740000
    0.0559430000
    0.0800390000
    0.1078640000
    0.0472400000
    0.0298770000
   -0.0698690000
   -0.0360830000
   -0.0892260000
   -0.0499100000
   -0.0538520000
   -0.0584990000
   -0.0566280000
   -0.0468890000
   -0.0313660000
   -0.0600140000
    0.0043980000
   -0.0510640000
   -0.0357150000
   -0.0348410000
   -0.0536960000
   -0.0018810000
    0.0104490000
   -0.0540700000
    0.0145790000
   -0.0406400000
   -0.0305550000
    0.0196500000
   -0.0185910000
   -0.0045980000
   -0.0002250000
   -0.0051030000
   -0.0115450000
    0.0378490000
    0.0099700000
   -0.1679420000
   -0.2078020000
   -0.1707040000
   -0.0314880000
    0.0261460000
    0.1251600000
   -0.2020490000
   -0.1630030000
   -0.1767140000
   -0.1878410000
   -0.0025310000
    0.1267520000
   -0.0277970000
   -0.1961890000
   -0.1828570000
   -0.1840810000
   -0.1881800000
   -0.1906920000
   -0.0057990000
    0.1113340000
   -0.2230320000
   -0.2296940000
    0.1070850000
    0.1063090000
   -0.2376190000
   -0.2397390000
    0.1443120000
   -0.0661810000
    0.0772060000
    0.0245150000
   -0.2274810000
   -0.1628610000
   -0.1907560000
   -0.1801620000
   -0.2362630000
    0.1295640000
   -0.2573700000
   -0.1611650000
   -0.1806160000
   -0.2531130000
    0.0901040000
    0.0547510000
    0.0235800000
   -0.2009170000
   -0.2072800000
   -0.1620910000
   -0.1926720000
   -0.2102760000
   -0.0757530000
    0.1352120000
   -0.2044030000
   -0.2139000000
    0.0446170000
    0.0942690000
   -0.2210630000
   -0.1908930000
    0.1798070000
   -0.0495420000
   -0.1609490000
    0.0426580000
    0.0761890000
   -0.1662660000
   -0.1973200000
   -0.1880480000
    0.1951180000
    0.1898680000
    0.1934690000
    0.1956830000
    0.1936560000
    0.1838880000
    0.1950520000
    0.1963240000
    0.1967480000
    0.1871650000
    0.2021690000
    0.1881900000
    0.1998610000
    0.2079880000
    0.1909130000
    0.2024140000
    0.1859330000
    0.2026300000
    0.1890030000
    0.1960230000
    0.1991750000
    0.1821940000
    0.1927480000
    0.1845690000
    0.2001460000
    0.2005940000
    0.1879910000
    0.1994830000
    0.1883100000
    0.1980820000
    0.2100850000
    0.2038100000
    0.1986060000
    0.2094370000
    0.1944290000
    0.1903560000
