   -0.0552840000
    0.0300410000
   -0.0329490000
   -0.0580840000
    0.0124930000
   -0.0251460000
   -0.0375990000
   -0.0712810000
    0.0210170000
   -0.0436870000
   -0.0556810000
   -0.0420880000
    0.0125150000
    0.0182530000
    0.0497280000
   -0.0100140000
   -0.0648170000
    0.0088110000
   -0.0170410000
   -0.0644740000
   -0.0227200000
   -0.0545520000
   -0.0404780000
   -0.0319990000
   -0.0489980000
    0.0097230000
   -0.0467200000
   -0.0393760000
   -0.0610600000
   -0.0371010000
   -0.0101770000
    0.1069630000
    0.0002360000
    0.1206510000
    0.0120640000
    0.0998480000
    0.0651760000
    0.0133090000
    0.0626070000
    0.0271270000
   -0.0055290000
   -0.0883010000
   -0.0593780000
   -0.0536990000
   -0.0738540000
   -0.0168390000
   -0.0252910000
   -0.0732460000
   -0.0234690000
   -0.0583450000
    0.0224330000
   -0.0096900000
    0.0189070000
    0.0390970000
   -0.0510480000
   -0.0498820000
   -0.0217790000
   -0.0140450000
    0.0133060000
    0.0372960000
   -0.0070000000
   -0.0414810000
   -0.0312570000
   -0.0170770000
   -0.0231900000
   -0.0246870000
   -0.0244590000
   -0.0088430000
    0.0054050000
   -0.0391330000
   -0.1617650000
   -0.1976460000
   -0.1729750000
    0.0065210000
   -0.0065270000
    0.0861970000
   -0.2130420000
   -0.1841290000
   -0.1450390000
   -0.2556460000
    0.0366700000
    0.1417220000
   -0.0144270000
   -0.1670250000
   -0.1892330000
   -0.1501240000
   -0.1849300000
   -0.1905690000
   -0.1182750000
    0.1585040000
   -0.2127940000
   -0.1988600000
    0.0794230000
    0.0558610000
   -0.1998080000
   -0.2086840000
    0.1275770000
   -0.0706390000
    0.1273010000
   -0.0058810000
   -0.1862380000
   -0.1990520000
   -0.1662140000
   -0.1851940000
   -0.1764770000
    0.0450660000
   -0.2526100000
   -0.1751160000
   -0.1737070000
   -0.2109590000
    0.1165100000
   -0.0102150000
   -0.0030950000
   -0.1856080000
   -0.1796950000
   -0.1804610000
   -0.1741700000
   -0.2188890000
    0.0299120000
    0.1916160000
   -0.2347740000
   -0.2069720000
    0.0469230000
    0.1110930000
   -0.2015960000
   -0.2081070000
    0.1733620000
   -0.0092510000
   -0.1254380000
   -0.0097990000
    0.1078190000
   -0.1674040000
   -0.1687520000
   -0.2042620000
    0.1902540000
    0.1823370000
    0.1939700000
    0.2003030000
    0.1709620000
    0.1853680000
    0.1820280000
    0.1937940000
    0.1789800000
    0.1842210000
    0.1792740000
    0.1956120000
    0.2041490000
    0.1886140000
    0.1889020000
    0.2043460000
    0.1931250000
    0.1848030000
    0.1898810000
    0.1831020000
    0.1921290000
    0.1969820000
    0.1741600000
    0.1901890000
    0.1928360000
    0.1888050000
    0.1937920000
    0.1801050000
    0.1874590000
    0.1949860000
    0.1970830000
    0.1936660000
    0.1837320000
    0.2143200000
    0.1902550000
    0.1813140000
