   -0.0418710000
   -0.0016720000
   -0.0410350000
   -0.0344020000
    0.0246810000
   -0.0124370000
   -0.0397890000
   -0.0253040000
    0.0511470000
   -0.0471570000
   -0.0380550000
    0.0251360000
    0.0022000000
    0.0242580000
   -0.0166240000
   -0.0234620000
    0.0145410000
    0.0168760000
   -0.0173880000
    0.0178280000
   -0.0081520000
   -0.0230730000
   -0.0178980000
   -0.0972860000
   -0.0320970000
    0.0308780000
   -0.0620910000
    0.0267250000
   -0.0977790000
   -0.0527440000
    0.0922060000
    0.0014780000
    0.0841710000
    0.0596090000
    0.0065780000
    0.0767340000
    0.0751220000
    0.0028730000
    0.0480220000
    0.0668380000
   -0.0354530000
   -0.0751760000
   -0.1122310000
   -0.0311170000
   -0.0138400000
    0.0006060000
   -0.0100550000
   -0.0461590000
    0.0317830000
   -0.0301780000
    0.0089700000
    0.0012830000
    0.0058830000
   -0.0025710000
   -0.0095590000
   -0.0166280000
   -0.0093180000
   -0.0395710000
   -0.0192340000
    0.0170930000
   -0.0058020000
   -0.0175720000
    0.0141460000
   -0.0278920000
   -0.0129450000
   -0.0199190000
   -0.0119320000
   -0.0138310000
    0.0039130000
   -0.0617050000
   -0.1780350000
   -0.1901840000
   -0.2073520000
    0.0517230000
    0.0921070000
    0.0327250000
   -0.2221400000
   -0.1655600000
   -0.1685330000
   -0.2230660000
    0.0746660000
   -0.0034700000
   -0.0144290000
   -0.1752800000
   -0.1939770000
   -0.1676760000
   -0.1874730000
   -0.1828170000
   -0.0350990000
    0.1389560000
   -0.2458280000
   -0.2204700000
    0.0390510000
    0.0447170000
   -0.2520460000
   -0.1837100000
    0.0577140000
   -0.0739270000
    0.0672220000
    0.0102970000
   -0.1882080000
   -0.1666070000
   -0.1958350000
   -0.1607000000
   -0.1957630000
    0.0770950000
   -0.2426190000
   -0.1630500000
   -0.1769710000
   -0.2260710000
    0.0957400000
   -0.0160790000
    0.0237090000
   -0.2094450000
   -0.1754650000
   -0.1750770000
   -0.1725570000
   -0.2084660000
    0.0703320000
    0.1065150000
   -0.2727150000
   -0.2419770000
    0.0387520000
    0.0676070000
   -0.2273630000
   -0.2181410000
    0.1058560000
   -0.0276750000
   -0.2084800000
    0.1383390000
    0.0655670000
   -0.1203640000
   -0.2199050000
   -0.1629230000
    0.1765110000
    0.1900740000
    0.1954010000
    0.1925920000
    0.1817750000
    0.1773370000
    0.1909960000
    0.1939630000
    0.1800680000
    0.1843050000
    0.1878030000
    0.1889780000
    0.1954380000
    0.2052890000
    0.1841110000
    0.1971410000
    0.1931730000
    0.1876840000
    0.1675810000
    0.1964870000
    0.1835290000
    0.1930250000
    0.1810270000
    0.1816120000
    0.1929610000
    0.1832090000
    0.1884580000
    0.1752450000
    0.1882330000
    0.1837760000
    0.2002600000
    0.1818370000
    0.2070840000
    0.1925900000
    0.1909090000
    0.1957990000
