   -0.0186950000
    0.0525870000
   -0.0307310000
   -0.0179160000
    0.0139250000
   -0.0157020000
    0.0084570000
   -0.0279410000
    0.0054100000
   -0.0190930000
   -0.0185570000
   -0.0400280000
    0.0123780000
    0.0173670000
    0.0344290000
   -0.0109580000
   -0.0609570000
    0.0182560000
   -0.0057220000
   -0.0580110000
   -0.0185100000
   -0.0655030000
   -0.0495100000
    0.0102250000
   -0.0746140000
   -0.0105030000
   -0.0433930000
   -0.0550540000
   -0.0339790000
   -0.0174400000
   -0.0291940000
    0.0779300000
   -0.0240240000
    0.0995800000
   -0.0255400000
    0.0656430000
    0.0259780000
   -0.0479220000
    0.0276830000
   -0.0169040000
    0.0027770000
   -0.0503550000
   -0.0420440000
   -0.0472040000
   -0.0803860000
   -0.0297030000
   -0.0488110000
   -0.0679500000
   -0.0601710000
   -0.0747850000
    0.0184740000
   -0.0115730000
    0.0311410000
    0.0421720000
   -0.0168320000
   -0.0191750000
   -0.0095400000
    0.0071550000
    0.0114740000
    0.0381140000
   -0.0120310000
   -0.0470310000
   -0.0590420000
   -0.0177070000
   -0.0263460000
   -0.0014940000
   -0.0116260000
   -0.0007500000
   -0.0003890000
   -0.0150390000
   -0.1618640000
   -0.1976480000
   -0.1730350000
    0.0065260000
   -0.0076740000
    0.0865080000
   -0.2134430000
   -0.1834130000
   -0.1459150000
   -0.2546980000
    0.0359200000
    0.1445710000
   -0.0140590000
   -0.1666510000
   -0.1891710000
   -0.1496520000
   -0.1849240000
   -0.1900850000
   -0.1181910000
    0.1599110000
   -0.2118440000
   -0.2001480000
    0.0823950000
    0.0540770000
   -0.1981630000
   -0.2096420000
    0.1282250000
   -0.0712710000
    0.1234480000
   -0.0061970000
   -0.1866410000
   -0.1991860000
   -0.1667940000
   -0.1852460000
   -0.1771040000
    0.0442410000
   -0.2549190000
   -0.1775390000
   -0.1747700000
   -0.2138560000
    0.1164530000
   -0.0154520000
   -0.0033720000
   -0.1857970000
   -0.1796000000
   -0.1807430000
   -0.1741750000
   -0.2191460000
    0.0290430000
    0.1885250000
   -0.2379590000
   -0.2089310000
    0.0435330000
    0.1083970000
   -0.2043600000
   -0.2100780000
    0.1696280000
   -0.0099590000
   -0.1255340000
   -0.0103490000
    0.1077300000
   -0.1676170000
   -0.1688140000
   -0.2042690000
    0.1902530000
    0.1823370000
    0.1939830000
    0.2002980000
    0.1709590000
    0.1853660000
    0.1820340000
    0.1937920000
    0.1789890000
    0.1842160000
    0.1792840000
    0.1953380000
    0.2041570000
    0.1886070000
    0.1888710000
    0.2043420000
    0.1931170000
    0.1847910000
    0.1898810000
    0.1830880000
    0.1921350000
    0.1969800000
    0.1741530000
    0.1901870000
    0.1928330000
    0.1893380000
    0.1937830000
    0.1801080000
    0.1874400000
    0.1949880000
    0.1970800000
    0.1936600000
    0.1837270000
    0.2143200000
    0.1902510000
    0.1813130000
