    0.0110170000
   -0.0107110000
   -0.0120490000
    0.0005580000
   -0.0000360000
   -0.0114600000
    0.0212840000
   -0.0173570000
    0.0129810000
   -0.0233010000
   -0.0381240000
    0.0107980000
   -0.0176110000
   -0.0495130000
    0.0000760000
    0.0130620000
   -0.0105650000
   -0.0414700000
   -0.0016320000
   -0.0283550000
   -0.0723100000
   -0.0662890000
   -0.0875000000
   -0.0112090000
   -0.0517310000
   -0.0073460000
   -0.0036410000
   -0.0520530000
   -0.0328610000
   -0.0120430000
    0.0005590000
    0.0526910000
   -0.0201920000
    0.0268960000
    0.0242250000
    0.0388340000
   -0.0185710000
    0.0525830000
   -0.0051110000
    0.0787540000
   -0.0719900000
   -0.0315580000
   -0.0147810000
   -0.0440560000
   -0.0044700000
   -0.0371650000
   -0.0602550000
   -0.0318220000
   -0.0787200000
   -0.0666220000
    0.0315980000
   -0.0268790000
    0.0027210000
    0.0021060000
   -0.0231690000
   -0.0149530000
   -0.0254650000
   -0.0263550000
    0.0114020000
   -0.0037140000
   -0.0132340000
   -0.0152610000
   -0.0224980000
   -0.0249390000
   -0.0184680000
   -0.0306080000
    0.0195580000
   -0.0065730000
    0.0158630000
   -0.0169300000
   -0.1730680000
   -0.1620100000
   -0.2391490000
    0.0612870000
    0.0519790000
    0.0477390000
   -0.2065120000
   -0.1790770000
   -0.1268430000
   -0.2594370000
    0.1302860000
    0.0918860000
    0.0346130000
   -0.2070150000
   -0.1949800000
   -0.1537040000
   -0.1676000000
   -0.1756410000
   -0.0793010000
    0.1133920000
   -0.1884800000
   -0.2143580000
    0.0820800000
    0.0522290000
   -0.1925940000
   -0.2360730000
    0.1770480000
   -0.0733630000
    0.0959590000
   -0.0484370000
   -0.1799780000
   -0.1784420000
   -0.1786490000
   -0.1823650000
   -0.1640960000
    0.0438530000
   -0.2121850000
   -0.1736540000
   -0.1713880000
   -0.2078150000
    0.0903000000
    0.0050750000
   -0.0495340000
   -0.1791890000
   -0.1856520000
   -0.1688760000
   -0.1875160000
   -0.1760200000
    0.0025600000
    0.1242400000
   -0.1859780000
   -0.2473160000
    0.1421230000
    0.0304680000
   -0.2197180000
   -0.2146590000
    0.1120740000
   -0.0030950000
   -0.1587670000
    0.1248600000
    0.0652530000
   -0.1938190000
   -0.2176810000
   -0.1770270000
    0.1730190000
    0.1891440000
    0.1881780000
    0.1946480000
    0.1821410000
    0.1730050000
    0.1853400000
    0.1961640000
    0.1839360000
    0.1757850000
    0.1828550000
    0.1958720000
    0.1937530000
    0.1939800000
    0.1959540000
    0.1985250000
    0.1886350000
    0.1925310000
    0.1814280000
    0.1814980000
    0.1899210000
    0.1965270000
    0.1805080000
    0.1787060000
    0.1901280000
    0.1835820000
    0.1956070000
    0.1832340000
    0.1820130000
    0.1950840000
    0.1975930000
    0.1967260000
    0.1988710000
    0.2004410000
    0.1881450000
    0.1942430000
