   -0.0443370000
   -0.0227650000
   -0.0093270000
   -0.0333640000
   -0.0011680000
   -0.0254190000
   -0.0160000000
   -0.0108340000
   -0.0014620000
    0.0022960000
   -0.0271400000
    0.0000440000
   -0.0595890000
    0.0016420000
    0.0299500000
   -0.0385330000
   -0.0307040000
   -0.0110310000
   -0.0167490000
    0.0411670000
   -0.0242800000
   -0.0376910000
   -0.0373330000
   -0.0328170000
   -0.0401940000
   -0.0648300000
    0.0146920000
   -0.0330600000
   -0.0796620000
   -0.0089090000
   -0.0039400000
    0.1023480000
   -0.0134470000
    0.0596220000
    0.0548340000
    0.0448280000
    0.0546940000
    0.0803530000
    0.1069040000
    0.0463410000
    0.0392960000
   -0.0613490000
   -0.0243240000
   -0.0388060000
   -0.0378530000
   -0.0130490000
   -0.0712550000
   -0.0418150000
   -0.0270730000
   -0.0418220000
   -0.0346920000
    0.0183740000
   -0.0129730000
   -0.0017330000
   -0.0271460000
   -0.0346320000
    0.0129690000
    0.0180860000
   -0.0593940000
    0.0019030000
   -0.0626440000
   -0.0522220000
    0.0191270000
   -0.0477300000
   -0.0042660000
   -0.0504690000
   -0.0104310000
   -0.0455100000
    0.0381390000
   -0.0170410000
   -0.1675830000
   -0.2069980000
   -0.1732110000
   -0.0304410000
   -0.0074440000
    0.1236120000
   -0.2049900000
   -0.1594060000
   -0.1840000000
   -0.1791540000
   -0.0045100000
    0.1110620000
   -0.0241160000
   -0.1957110000
   -0.1818460000
   -0.1811180000
   -0.1884220000
   -0.1891330000
    0.0328380000
    0.0742630000
   -0.2169550000
   -0.2566150000
    0.0949820000
    0.0959750000
   -0.2720200000
   -0.2371520000
    0.1074220000
   -0.0616230000
    0.0736120000
    0.0255900000
   -0.2268150000
   -0.1626760000
   -0.1897960000
   -0.1800780000
   -0.2360690000
    0.1276670000
   -0.2496890000
   -0.1565510000
   -0.1815230000
   -0.2405960000
    0.0871310000
    0.0606020000
    0.0294310000
   -0.1970350000
   -0.2064180000
   -0.1561100000
   -0.1922610000
   -0.2057200000
   -0.0514240000
    0.0943830000
   -0.1909860000
   -0.2479760000
    0.0442870000
    0.0704510000
   -0.2450510000
   -0.1951150000
    0.1381050000
   -0.0448940000
   -0.1590790000
    0.0437580000
    0.0774970000
   -0.1650770000
   -0.1975390000
   -0.1886990000
    0.1951180000
    0.1897680000
    0.1933930000
    0.1956860000
    0.1936900000
    0.1839020000
    0.1951330000
    0.1963600000
    0.1967000000
    0.1871640000
    0.2020890000
    0.1882660000
    0.1998430000
    0.2079720000
    0.1909060000
    0.2024040000
    0.1859310000
    0.2026290000
    0.1889960000
    0.1960220000
    0.1991810000
    0.1822390000
    0.1927470000
    0.1845800000
    0.2001590000
    0.2006510000
    0.1880390000
    0.1994710000
    0.1883540000
    0.1980970000
    0.2101840000
    0.2037660000
    0.1986160000
    0.2094220000
    0.1944080000
    0.1902750000
