   -0.0080560000
   -0.0419760000
   -0.0173490000
   -0.0460870000
   -0.0014710000
   -0.0084480000
   -0.0159800000
   -0.0440530000
    0.0220030000
   -0.0322730000
   -0.0579060000
   -0.0001080000
   -0.0175990000
   -0.0425700000
    0.0097530000
    0.0096280000
   -0.0129750000
   -0.0333520000
   -0.0068160000
   -0.0262110000
   -0.0577930000
   -0.0390250000
   -0.0564810000
   -0.0247650000
   -0.0136230000
   -0.0089950000
   -0.0003360000
   -0.0487990000
   -0.0507010000
   -0.0240220000
    0.0424470000
    0.0938570000
    0.0122770000
    0.0614620000
    0.0603440000
    0.0727410000
    0.0152740000
    0.0811470000
    0.0343220000
    0.1182250000
   -0.0566330000
   -0.0485090000
   -0.0406320000
   -0.0325190000
   -0.0033570000
   -0.0256000000
   -0.0306680000
   -0.0387920000
   -0.0540430000
   -0.0588830000
    0.0253320000
   -0.0323590000
    0.0006290000
    0.0017120000
   -0.0653950000
   -0.0451910000
   -0.0348800000
   -0.0421660000
    0.0137370000
   -0.0008730000
    0.0114980000
   -0.0266990000
   -0.0094160000
   -0.0343660000
   -0.0232540000
   -0.0685300000
   -0.0171070000
   -0.0071370000
    0.0097490000
   -0.0622980000
   -0.1705950000
   -0.1615320000
   -0.2366280000
    0.0651110000
    0.0444100000
    0.0417940000
   -0.1924020000
   -0.1877420000
   -0.1172310000
   -0.2542420000
    0.1261530000
    0.0598120000
    0.0368030000
   -0.2085730000
   -0.1945210000
   -0.1528100000
   -0.1671050000
   -0.1741140000
   -0.0681470000
    0.0543400000
   -0.1931050000
   -0.2380630000
    0.0542410000
    0.0635010000
   -0.2305240000
   -0.2077260000
    0.1389050000
   -0.0430900000
    0.1136370000
   -0.0385280000
   -0.1726800000
   -0.1777230000
   -0.1681500000
   -0.1804560000
   -0.1577110000
    0.0398640000
   -0.1942490000
   -0.1705060000
   -0.1641590000
   -0.1933380000
    0.0875350000
    0.0158280000
   -0.0478260000
   -0.1778220000
   -0.1856180000
   -0.1671460000
   -0.1868120000
   -0.1741220000
    0.0112210000
    0.0855690000
   -0.1718370000
   -0.2818450000
    0.1427440000
    0.0179420000
   -0.2369360000
   -0.2018050000
    0.0658000000
    0.0376700000
   -0.1591650000
    0.1264720000
    0.0658270000
   -0.1934810000
   -0.2167650000
   -0.1767040000
    0.1730400000
    0.1891560000
    0.1882470000
    0.1947000000
    0.1821390000
    0.1741750000
    0.1851690000
    0.1961220000
    0.1836270000
    0.1757130000
    0.1828250000
    0.1958170000
    0.1936940000
    0.1939750000
    0.1959680000
    0.1986150000
    0.1886530000
    0.1926740000
    0.1814210000
    0.1815580000
    0.1900680000
    0.1967070000
    0.1805110000
    0.1787150000
    0.1901430000
    0.1836180000
    0.1956470000
    0.1832420000
    0.1820800000
    0.1951250000
    0.1975990000
    0.1967120000
    0.1989580000
    0.2004360000
    0.1881920000
    0.1942580000
