   -0.0416600000
   -0.0013680000
   -0.0412200000
   -0.0338020000
    0.0270350000
   -0.0115950000
   -0.0389120000
   -0.0257350000
    0.0517400000
   -0.0473520000
   -0.0372510000
    0.0258530000
    0.0048230000
    0.0246640000
   -0.0162090000
   -0.0211870000
    0.0221650000
    0.0172120000
   -0.0155130000
    0.0186840000
   -0.0082670000
   -0.0156010000
   -0.0175230000
   -0.0962380000
   -0.0256050000
    0.0346330000
   -0.0616670000
    0.0282080000
   -0.0987980000
   -0.0524570000
    0.0921690000
    0.0015590000
    0.0839970000
    0.0597630000
    0.0063970000
    0.0769320000
    0.0749030000
    0.0030880000
    0.0478980000
    0.0668680000
   -0.0341830000
   -0.0754190000
   -0.1112620000
   -0.0313770000
   -0.0086310000
    0.0010010000
   -0.0069700000
   -0.0462960000
    0.0396870000
   -0.0269050000
    0.0094240000
    0.0004810000
    0.0047780000
   -0.0013280000
   -0.0068660000
   -0.0160440000
   -0.0075430000
   -0.0360310000
   -0.0176230000
    0.0207400000
   -0.0026850000
   -0.0183440000
    0.0155340000
   -0.0272570000
   -0.0130050000
   -0.0200290000
   -0.0112820000
   -0.0137290000
    0.0045800000
   -0.0596580000
   -0.1812440000
   -0.1905020000
   -0.2095790000
    0.0498830000
    0.0870680000
    0.0326000000
   -0.2251860000
   -0.1666730000
   -0.1704380000
   -0.2256360000
    0.0742760000
   -0.0074580000
   -0.0146310000
   -0.1755590000
   -0.1940240000
   -0.1678630000
   -0.1875310000
   -0.1831400000
   -0.0356860000
    0.1390260000
   -0.2468190000
   -0.2208260000
    0.0386580000
    0.0426700000
   -0.2519230000
   -0.1851970000
    0.0573380000
   -0.0777390000
    0.0603140000
    0.0092020000
   -0.1892700000
   -0.1668090000
   -0.1972520000
   -0.1608550000
   -0.1969060000
    0.0769680000
   -0.2465890000
   -0.1647030000
   -0.1793830000
   -0.2301950000
    0.0954690000
   -0.0208450000
    0.0228500000
   -0.2106400000
   -0.1753950000
   -0.1763270000
   -0.1727840000
   -0.2087950000
    0.0689830000
    0.1065870000
   -0.2751510000
   -0.2425700000
    0.0384570000
    0.0655520000
   -0.2273490000
   -0.2211400000
    0.1056250000
   -0.0321120000
   -0.2088340000
    0.1380920000
    0.0656110000
   -0.1208420000
   -0.2197380000
   -0.1634660000
    0.1765080000
    0.1900730000
    0.1954030000
    0.1925630000
    0.1817650000
    0.1773340000
    0.1909890000
    0.1939560000
    0.1800540000
    0.1843050000
    0.1877840000
    0.1889660000
    0.1954360000
    0.2052900000
    0.1841190000
    0.1971420000
    0.1931710000
    0.1876540000
    0.1675800000
    0.1964730000
    0.1834890000
    0.1930130000
    0.1809950000
    0.1816070000
    0.1929430000
    0.1831830000
    0.1884350000
    0.1752940000
    0.1883240000
    0.1837860000
    0.2002970000
    0.1818360000
    0.2070520000
    0.1924710000
    0.1909070000
    0.1957900000
