   -0.0159000000
   -0.0247010000
    0.0116250000
   -0.0006880000
    0.0003790000
   -0.0465930000
   -0.0065280000
   -0.0031190000
   -0.0019230000
   -0.0046440000
   -0.0261320000
    0.0104330000
   -0.0364980000
    0.0103040000
    0.0198130000
   -0.0411240000
   -0.0208300000
   -0.0135280000
   -0.0173420000
    0.0310840000
   -0.0407700000
   -0.0537170000
   -0.0636080000
   -0.0429670000
   -0.0389330000
   -0.0633970000
    0.0062420000
   -0.0220630000
   -0.0739390000
   -0.0272490000
   -0.0406790000
    0.0767240000
   -0.0488300000
    0.0137630000
    0.0305790000
    0.0008400000
    0.0332080000
    0.0597240000
    0.0910900000
    0.0253320000
    0.0287610000
   -0.0546200000
   -0.0322820000
   -0.0607390000
   -0.0414250000
   -0.0266590000
   -0.0604760000
   -0.0551470000
   -0.0339270000
   -0.0278750000
   -0.0315520000
    0.0283390000
   -0.0092360000
   -0.0071440000
   -0.0141970000
   -0.0277980000
    0.0080610000
    0.0174730000
   -0.0441760000
    0.0220200000
   -0.0526270000
   -0.0397620000
    0.0081620000
   -0.0451820000
   -0.0305580000
   -0.0174120000
   -0.0068280000
   -0.0131670000
    0.0409740000
    0.0066630000
   -0.1679720000
   -0.2078850000
   -0.1713280000
   -0.0315810000
    0.0213000000
    0.1246800000
   -0.2043370000
   -0.1639530000
   -0.1774580000
   -0.1902470000
   -0.0027080000
    0.1225910000
   -0.0277250000
   -0.1964500000
   -0.1828310000
   -0.1840630000
   -0.1882920000
   -0.1910200000
   -0.0032080000
    0.1065960000
   -0.2233650000
   -0.2329120000
    0.1048460000
    0.1048520000
   -0.2416790000
   -0.2397190000
    0.1399090000
   -0.0656280000
    0.0754360000
    0.0245390000
   -0.2275680000
   -0.1628500000
   -0.1907960000
   -0.1801830000
   -0.2363720000
    0.1293160000
   -0.2573940000
   -0.1611740000
   -0.1810970000
   -0.2527640000
    0.0897200000
    0.0537880000
    0.0239620000
   -0.2007990000
   -0.2072300000
   -0.1618040000
   -0.1926420000
   -0.2101000000
   -0.0736470000
    0.1306730000
   -0.2035260000
   -0.2173490000
    0.0438090000
    0.0924610000
   -0.2241180000
   -0.1908160000
    0.1751240000
   -0.0474390000
   -0.1606900000
    0.0426940000
    0.0762700000
   -0.1662050000
   -0.1974130000
   -0.1882730000
    0.1951170000
    0.1898400000
    0.1929470000
    0.1955740000
    0.1936080000
    0.1838900000
    0.1950530000
    0.1963220000
    0.1967380000
    0.1871620000
    0.2021460000
    0.1877910000
    0.1998540000
    0.2079860000
    0.1909150000
    0.2024120000
    0.1859320000
    0.2026280000
    0.1890020000
    0.1960190000
    0.1991760000
    0.1821960000
    0.1927480000
    0.1845700000
    0.2001400000
    0.2005980000
    0.1879900000
    0.1994810000
    0.1883090000
    0.1980810000
    0.2100920000
    0.2038050000
    0.1986060000
    0.2094300000
    0.1944330000
    0.1903480000
