   -0.0440560000
    0.0504330000
   -0.0635930000
   -0.0156930000
    0.0028640000
   -0.0061520000
    0.0123800000
   -0.0258280000
    0.0090520000
   -0.0384290000
   -0.0320810000
   -0.0159530000
   -0.0150970000
   -0.0153740000
    0.0381150000
   -0.0067850000
   -0.0590830000
    0.0166110000
   -0.0075070000
   -0.0584680000
   -0.0088380000
   -0.0510490000
   -0.0355930000
    0.0196410000
   -0.0997670000
    0.0060690000
   -0.0319140000
   -0.0745350000
   -0.0166220000
   -0.0256030000
   -0.0091800000
    0.1083380000
    0.0026610000
    0.1201610000
    0.0121130000
    0.0971660000
    0.0662220000
    0.0132050000
    0.0632070000
    0.0260750000
   -0.0072300000
   -0.0378610000
   -0.0254920000
   -0.0436980000
   -0.0782850000
   -0.0098120000
   -0.0635180000
   -0.0599000000
   -0.0216600000
   -0.1114660000
    0.0173140000
   -0.0273450000
    0.0299070000
    0.0471930000
   -0.0097520000
   -0.0194250000
   -0.0309720000
   -0.0001570000
   -0.0179240000
    0.0112770000
   -0.0166280000
   -0.0224960000
   -0.0428370000
   -0.0247750000
   -0.0191450000
   -0.0352610000
   -0.0144400000
   -0.0347130000
   -0.0109710000
   -0.0151560000
   -0.1595470000
   -0.1972870000
   -0.1706680000
    0.0095660000
   -0.0162420000
    0.0836880000
   -0.2029690000
   -0.1766440000
   -0.1482000000
   -0.2378630000
    0.0325570000
    0.1462550000
   -0.0068780000
   -0.1631890000
   -0.1885140000
   -0.1438330000
   -0.1841160000
   -0.1861460000
   -0.0812930000
    0.1111400000
   -0.2064150000
   -0.2384160000
    0.0720530000
    0.0367890000
   -0.2330280000
   -0.2061840000
    0.0794230000
   -0.0601130000
    0.1142590000
   -0.0028240000
   -0.1862800000
   -0.1986470000
   -0.1636840000
   -0.1850960000
   -0.1742920000
    0.0415820000
   -0.2440880000
   -0.1680510000
   -0.1782890000
   -0.1995090000
    0.1130560000
   -0.0128470000
   -0.0001310000
   -0.1829320000
   -0.1796320000
   -0.1777910000
   -0.1724490000
   -0.2177330000
    0.0555060000
    0.1438160000
   -0.2210970000
   -0.2541610000
    0.0386850000
    0.0906100000
   -0.2399960000
   -0.1999420000
    0.1250200000
    0.0005170000
   -0.1231780000
   -0.0098540000
    0.1080830000
   -0.1677320000
   -0.1683440000
   -0.2038570000
    0.1902810000
    0.1822850000
    0.1940860000
    0.2003110000
    0.1709770000
    0.1854080000
    0.1821360000
    0.1938300000
    0.1790650000
    0.1842100000
    0.1792950000
    0.1943320000
    0.2041610000
    0.1886720000
    0.1888910000
    0.2043720000
    0.1931300000
    0.1847710000
    0.1898950000
    0.1830940000
    0.1920880000
    0.1969920000
    0.1741450000
    0.1901880000
    0.1928590000
    0.1892290000
    0.1938140000
    0.1801220000
    0.1875350000
    0.1950540000
    0.1971060000
    0.1936490000
    0.1836760000
    0.2143250000
    0.1902020000
    0.1813040000
