    0.0006450000
   -0.0265120000
   -0.0551990000
    0.0051310000
   -0.0352970000
   -0.0058180000
    0.0186310000
   -0.0229450000
    0.0017100000
   -0.0331190000
   -0.0449600000
    0.0192770000
   -0.0193650000
   -0.0456340000
   -0.0078140000
    0.0084230000
   -0.0112020000
   -0.0252140000
   -0.0364530000
   -0.0596500000
   -0.0952950000
   -0.0384640000
   -0.0939350000
    0.0015480000
   -0.0175570000
   -0.0061940000
    0.0109200000
   -0.0565690000
   -0.0170600000
   -0.0166570000
    0.0419410000
    0.0928280000
    0.0129910000
    0.0634170000
    0.0608350000
    0.0728020000
    0.0156250000
    0.0809540000
    0.0344320000
    0.1184510000
   -0.0439720000
   -0.0171340000
    0.0023740000
   -0.0638600000
   -0.0026160000
   -0.0547020000
   -0.0349010000
   -0.0285960000
   -0.0538370000
   -0.0675660000
    0.0240930000
   -0.0283590000
   -0.0173880000
   -0.0183540000
   -0.0244620000
   -0.0183070000
   -0.0315770000
   -0.0321440000
    0.0044720000
   -0.0063820000
   -0.0035590000
    0.0049400000
   -0.0332520000
   -0.0244120000
   -0.0080060000
   -0.0478770000
    0.0064740000
   -0.0440610000
   -0.0307010000
   -0.0097610000
   -0.1714970000
   -0.1615950000
   -0.2379780000
    0.0641340000
    0.0388510000
    0.0419220000
   -0.1956140000
   -0.1886960000
   -0.1190230000
   -0.2561690000
    0.1256460000
    0.0549860000
    0.0356610000
   -0.2087840000
   -0.1950810000
   -0.1543020000
   -0.1671010000
   -0.1753880000
   -0.0698660000
    0.0544640000
   -0.1944940000
   -0.2387350000
    0.0535030000
    0.0608920000
   -0.2305220000
   -0.2112540000
    0.1384690000
   -0.0462600000
    0.1069710000
   -0.0399270000
   -0.1741430000
   -0.1778560000
   -0.1700170000
   -0.1807010000
   -0.1590170000
    0.0395740000
   -0.1977870000
   -0.1722340000
   -0.1661080000
   -0.1965600000
    0.0870970000
    0.0097290000
   -0.0481660000
   -0.1781990000
   -0.1856620000
   -0.1675150000
   -0.1869320000
   -0.1746260000
    0.0101180000
    0.0854990000
   -0.1740530000
   -0.2818600000
    0.1411570000
    0.0166340000
   -0.2378120000
   -0.2049390000
    0.0657810000
    0.0344010000
   -0.1591760000
    0.1263060000
    0.0657610000
   -0.1935950000
   -0.2174560000
   -0.1768930000
    0.1730380000
    0.1891360000
    0.1882230000
    0.1946910000
    0.1821420000
    0.1742060000
    0.1856150000
    0.1961240000
    0.1839010000
    0.1758000000
    0.1828020000
    0.1958150000
    0.1936870000
    0.1939750000
    0.1959660000
    0.1986040000
    0.1886490000
    0.1926410000
    0.1814210000
    0.1815380000
    0.1900450000
    0.1966720000
    0.1805110000
    0.1787140000
    0.1901390000
    0.1836030000
    0.1956310000
    0.1832410000
    0.1820620000
    0.1951210000
    0.1975960000
    0.1967100000
    0.1989480000
    0.2004220000
    0.1881920000
    0.1942440000
