   -0.0378350000
    0.0447930000
   -0.0594890000
   -0.0160360000
    0.0087570000
   -0.0078620000
    0.0164500000
   -0.0308840000
    0.0124590000
   -0.0243170000
   -0.0101800000
   -0.0096660000
    0.0284390000
    0.0046910000
    0.0343950000
   -0.0001220000
   -0.0323620000
    0.0252840000
   -0.0174800000
   -0.0790890000
   -0.0323130000
   -0.0233790000
   -0.0515620000
    0.0225320000
   -0.0645710000
    0.0164360000
   -0.0182780000
   -0.0333000000
   -0.0181510000
   -0.0122170000
   -0.0092300000
    0.1073500000
    0.0052280000
    0.1227830000
    0.0118980000
    0.0995010000
    0.0665300000
    0.0137190000
    0.0625790000
    0.0274220000
    0.0041060000
   -0.0451610000
   -0.0228320000
   -0.0704780000
   -0.0559830000
   -0.0248490000
   -0.0274050000
   -0.0457020000
   -0.0029610000
   -0.0691600000
    0.0168740000
   -0.0074400000
    0.0159080000
    0.0388740000
   -0.0015950000
   -0.0231400000
   -0.0142630000
    0.0180000000
    0.0019940000
    0.0430620000
   -0.0115080000
   -0.0210840000
   -0.0425150000
   -0.0152460000
   -0.0252800000
   -0.0210040000
   -0.0237230000
   -0.0343590000
   -0.0115500000
   -0.0118270000
   -0.1629440000
   -0.1977190000
   -0.1745950000
    0.0065450000
   -0.0383930000
    0.0813150000
   -0.2223650000
   -0.1895800000
   -0.1545470000
   -0.2608540000
    0.0318050000
    0.1143460000
   -0.0135570000
   -0.1693020000
   -0.1894200000
   -0.1517550000
   -0.1847580000
   -0.1935030000
   -0.1036970000
    0.1094490000
   -0.2127510000
   -0.2367290000
    0.0595260000
    0.0340710000
   -0.2361160000
   -0.2127220000
    0.0793890000
   -0.0654820000
    0.0912340000
   -0.0062870000
   -0.1891320000
   -0.1996960000
   -0.1687060000
   -0.1855300000
   -0.1795940000
    0.0385920000
   -0.2613120000
   -0.1845560000
   -0.1821140000
   -0.2198990000
    0.1125990000
   -0.0418060000
   -0.0031340000
   -0.1860680000
   -0.1798220000
   -0.1805700000
   -0.1736380000
   -0.2198570000
    0.0375960000
    0.1428760000
   -0.2360570000
   -0.2549910000
    0.0268050000
    0.0847110000
   -0.2437470000
   -0.2128250000
    0.1250000000
   -0.0052260000
   -0.1242620000
   -0.0088100000
    0.1074040000
   -0.1677310000
   -0.1700120000
   -0.2045000000
    0.1902640000
    0.1822390000
    0.1939590000
    0.2002370000
    0.1709630000
    0.1853840000
    0.1820060000
    0.1937800000
    0.1789050000
    0.1842170000
    0.1791710000
    0.1950370000
    0.2041070000
    0.1886280000
    0.1888800000
    0.2043290000
    0.1930720000
    0.1847030000
    0.1898880000
    0.1829960000
    0.1920800000
    0.1969750000
    0.1741230000
    0.1901790000
    0.1928210000
    0.1894040000
    0.1937480000
    0.1801130000
    0.1873930000
    0.1950000000
    0.1970880000
    0.1936490000
    0.1836770000
    0.2142710000
    0.1901750000
    0.1812660000
