   -0.0289340000
    0.0148890000
   -0.0347670000
   -0.0045130000
    0.0066750000
   -0.0156100000
   -0.0126730000
    0.0004750000
    0.0466190000
   -0.0362550000
   -0.0192000000
    0.0275480000
   -0.0196460000
    0.0163410000
   -0.0443780000
   -0.0293060000
   -0.0077580000
   -0.0024590000
   -0.0174790000
    0.0155440000
   -0.0243190000
   -0.0612000000
   -0.0191190000
   -0.0679530000
   -0.0773070000
   -0.0084890000
   -0.0568190000
   -0.0082830000
   -0.0677500000
   -0.0405400000
    0.0669030000
   -0.0158830000
    0.0330720000
    0.0369250000
   -0.0415400000
    0.0278330000
    0.0247060000
   -0.0223690000
    0.0169660000
    0.0488290000
   -0.0246400000
   -0.0431170000
   -0.0805370000
   -0.0390540000
   -0.0551420000
   -0.0055140000
   -0.0442400000
   -0.0439630000
   -0.0074250000
   -0.0742960000
    0.0041120000
   -0.0186890000
    0.0083750000
   -0.0023160000
    0.0263190000
    0.0118840000
    0.0052250000
   -0.0217110000
   -0.0342360000
   -0.0098010000
   -0.0091090000
   -0.0073310000
   -0.0185160000
   -0.0444100000
   -0.0169410000
    0.0012930000
    0.0106480000
   -0.0054800000
   -0.0107680000
   -0.0225180000
   -0.1799000000
   -0.1907070000
   -0.2070340000
    0.0486690000
    0.1139110000
    0.0404420000
   -0.2213670000
   -0.1572610000
   -0.1661070000
   -0.2185010000
    0.0792180000
    0.0279250000
   -0.0143420000
   -0.1740580000
   -0.1934930000
   -0.1672340000
   -0.1874030000
   -0.1812840000
   -0.0379680000
    0.1916330000
   -0.2427220000
   -0.1856220000
    0.0603140000
    0.0583350000
   -0.2159790000
   -0.1857320000
    0.1045010000
   -0.0957320000
    0.0776340000
    0.0079780000
   -0.1887440000
   -0.1672220000
   -0.1976130000
   -0.1605570000
   -0.1963340000
    0.0827530000
   -0.2479530000
   -0.1568060000
   -0.1781950000
   -0.2264880000
    0.0990350000
    0.0042710000
    0.0219970000
   -0.2093790000
   -0.1753680000
   -0.1763240000
   -0.1728650000
   -0.2079400000
    0.0642270000
    0.1524170000
   -0.2738510000
   -0.2042400000
    0.0574600000
    0.0804420000
   -0.1938470000
   -0.2228660000
    0.1531450000
   -0.0510300000
   -0.2098290000
    0.1376500000
    0.0654830000
   -0.1208670000
   -0.2186820000
   -0.1637910000
    0.1765570000
    0.1901090000
    0.1953930000
    0.1927030000
    0.1817580000
    0.1773390000
    0.1910230000
    0.1939950000
    0.1801340000
    0.1843030000
    0.1878870000
    0.1889970000
    0.1954610000
    0.2052830000
    0.1840980000
    0.1971550000
    0.1932400000
    0.1877160000
    0.1675760000
    0.1965220000
    0.1835150000
    0.1929990000
    0.1810390000
    0.1815960000
    0.1929550000
    0.1831980000
    0.1885080000
    0.1754840000
    0.1883270000
    0.1838080000
    0.2005280000
    0.1813870000
    0.2070510000
    0.1925160000
    0.1909030000
    0.1958560000
