   -0.0048110000
   -0.0515330000
    0.0050250000
   -0.0122750000
   -0.0345360000
   -0.0368600000
   -0.0172970000
   -0.0035010000
    0.0055380000
   -0.0244890000
   -0.0514270000
    0.0049800000
   -0.0397780000
    0.0080860000
    0.0192070000
   -0.0367750000
   -0.0197190000
    0.0147380000
   -0.0093070000
    0.0306780000
   -0.0152480000
   -0.0260860000
   -0.0467930000
   -0.0166190000
   -0.0208500000
   -0.0543900000
   -0.0204830000
   -0.0213500000
   -0.0685240000
   -0.0443660000
    0.0021570000
    0.1056060000
   -0.0064840000
    0.0669900000
    0.0611930000
    0.0520510000
    0.0588160000
    0.0820530000
    0.1129610000
    0.0508080000
    0.0168020000
   -0.0375050000
   -0.0129600000
   -0.0384600000
   -0.0279790000
   -0.0101250000
   -0.0454290000
   -0.0831940000
   -0.0269950000
   -0.0254430000
   -0.0374010000
    0.0249010000
   -0.0092580000
   -0.0066060000
   -0.0169950000
   -0.0161230000
   -0.0117400000
   -0.0164760000
   -0.0554570000
    0.0224500000
   -0.0493190000
   -0.0344070000
    0.0043350000
   -0.0137920000
   -0.0237850000
    0.0000010000
   -0.0382790000
   -0.0318960000
    0.0029860000
   -0.0136290000
   -0.1686470000
   -0.2067200000
   -0.1746080000
   -0.0318480000
   -0.0142450000
    0.1215250000
   -0.2080270000
   -0.1635270000
   -0.1853970000
   -0.1838560000
   -0.0053550000
    0.0996060000
   -0.0253990000
   -0.1971200000
   -0.1820950000
   -0.1824610000
   -0.1885670000
   -0.1904720000
    0.0243520000
    0.0703050000
   -0.2210490000
   -0.2594380000
    0.0906450000
    0.0942630000
   -0.2755710000
   -0.2380730000
    0.1038840000
   -0.0610380000
    0.0692530000
    0.0254080000
   -0.2272610000
   -0.1626920000
   -0.1901790000
   -0.1801600000
   -0.2364730000
    0.1268590000
   -0.2519500000
   -0.1592050000
   -0.1825290000
   -0.2444050000
    0.0867300000
    0.0528820000
    0.0285720000
   -0.1982580000
   -0.2065820000
   -0.1574890000
   -0.1922990000
   -0.2069870000
   -0.0537000000
    0.0880500000
   -0.1937670000
   -0.2512370000
    0.0390170000
    0.0687860000
   -0.2500800000
   -0.1960460000
    0.1333020000
   -0.0434520000
   -0.1601040000
    0.0432850000
    0.0769300000
   -0.1656240000
   -0.1980520000
   -0.1888940000
    0.1951160000
    0.1897510000
    0.1933760000
    0.1956630000
    0.1936660000
    0.1838890000
    0.1951200000
    0.1963490000
    0.1966760000
    0.1871610000
    0.2020460000
    0.1882000000
    0.1998280000
    0.2079700000
    0.1909060000
    0.2024010000
    0.1859270000
    0.2026220000
    0.1889950000
    0.1960090000
    0.1991820000
    0.1822280000
    0.1927460000
    0.1845780000
    0.2001280000
    0.2006400000
    0.1880120000
    0.1994690000
    0.1883300000
    0.1980860000
    0.2101680000
    0.2037580000
    0.1986050000
    0.2094050000
    0.1944010000
    0.1902670000
