   -0.0268750000
    0.0303330000
   -0.0578280000
   -0.0138110000
   -0.0234040000
   -0.0166790000
    0.0104980000
   -0.0272400000
    0.0136890000
   -0.0156140000
   -0.0204110000
   -0.0173940000
    0.0199730000
    0.0180790000
    0.0254100000
   -0.0248390000
   -0.0761360000
    0.0228190000
   -0.0354380000
   -0.0926040000
   -0.0406490000
   -0.0678120000
   -0.0614750000
    0.0144800000
   -0.0454350000
   -0.0136920000
   -0.0202680000
   -0.0350680000
   -0.0195950000
   -0.0053780000
   -0.0088790000
    0.1031100000
    0.0018690000
    0.1211940000
    0.0113930000
    0.1006020000
    0.0665490000
    0.0126470000
    0.0619840000
    0.0266680000
    0.0083120000
   -0.0425500000
   -0.0282980000
   -0.0807110000
   -0.0911340000
   -0.0342600000
   -0.0211770000
   -0.0432190000
   -0.0383580000
   -0.0547730000
    0.0064780000
   -0.0129430000
    0.0159700000
    0.0206420000
   -0.0157860000
   -0.0226520000
   -0.0090130000
    0.0073800000
    0.0095400000
    0.0382500000
   -0.0202250000
   -0.0201590000
   -0.0493530000
   -0.0120940000
   -0.0301930000
   -0.0097370000
   -0.0372140000
   -0.0328950000
   -0.0275180000
   -0.0118420000
   -0.1592940000
   -0.1972140000
   -0.1706820000
    0.0096610000
   -0.0163840000
    0.0826470000
   -0.2021860000
   -0.1788120000
   -0.1473700000
   -0.2394960000
    0.0325000000
    0.1403590000
   -0.0078400000
   -0.1643650000
   -0.1886690000
   -0.1450730000
   -0.1841620000
   -0.1870430000
   -0.0854310000
    0.1103990000
   -0.2009690000
   -0.2344640000
    0.0697350000
    0.0385390000
   -0.2350310000
   -0.2067240000
    0.0799130000
   -0.0597280000
    0.1139430000
   -0.0030400000
   -0.1864230000
   -0.1986650000
   -0.1638860000
   -0.1851230000
   -0.1745090000
    0.0409940000
   -0.2452470000
   -0.1708260000
   -0.1777410000
   -0.2020100000
    0.1129040000
   -0.0166750000
   -0.0009740000
   -0.1835750000
   -0.1796530000
   -0.1783700000
   -0.1727520000
   -0.2181010000
    0.0499350000
    0.1448780000
   -0.2267020000
   -0.2548240000
    0.0403620000
    0.0879640000
   -0.2415740000
   -0.2069330000
    0.1253270000
    0.0034310000
   -0.1259280000
   -0.0087110000
    0.1080800000
   -0.1679880000
   -0.1681350000
   -0.2039350000
    0.1902790000
    0.1823570000
    0.1936130000
    0.2003120000
    0.1709870000
    0.1854090000
    0.1821210000
    0.1938100000
    0.1790040000
    0.1842310000
    0.1791800000
    0.1958190000
    0.2041610000
    0.1886720000
    0.1888880000
    0.2043660000
    0.1931310000
    0.1847700000
    0.1898940000
    0.1830930000
    0.1920860000
    0.1969900000
    0.1741430000
    0.1901880000
    0.1928470000
    0.1893280000
    0.1938200000
    0.1801180000
    0.1875110000
    0.1950400000
    0.1970960000
    0.1936480000
    0.1836750000
    0.2143300000
    0.1902040000
    0.1813060000
