   -0.0297990000
   -0.0142720000
   -0.0746060000
   -0.0053060000
   -0.0232400000
   -0.0229690000
   -0.0083230000
    0.0005690000
    0.0344300000
   -0.0544580000
   -0.0215900000
    0.0367070000
   -0.0154190000
    0.0160400000
   -0.0396610000
   -0.0459000000
   -0.0102020000
    0.0229660000
   -0.0392640000
   -0.0095100000
   -0.0325030000
   -0.0562980000
   -0.0464570000
   -0.0504010000
   -0.0564420000
   -0.0008940000
   -0.0480350000
    0.0000390000
   -0.0585560000
   -0.0436150000
    0.0919310000
    0.0018630000
    0.0872770000
    0.0598580000
    0.0076620000
    0.0762140000
    0.0766060000
    0.0022060000
    0.0497270000
    0.0658560000
   -0.0296810000
   -0.0335240000
   -0.0671550000
   -0.0589650000
   -0.0494020000
   -0.0228900000
   -0.0362110000
   -0.0333830000
   -0.0038380000
   -0.0568400000
   -0.0073060000
   -0.0201970000
   -0.0106060000
   -0.0299300000
    0.0288140000
    0.0077290000
   -0.0043540000
   -0.0231400000
   -0.0386610000
   -0.0052050000
   -0.0324050000
    0.0032710000
   -0.0174270000
   -0.0119300000
   -0.0183710000
   -0.0021940000
   -0.0231330000
   -0.0510200000
   -0.0498810000
   -0.0234270000
   -0.1689550000
   -0.1887590000
   -0.2029500000
    0.0584540000
    0.1175010000
    0.0330550000
   -0.2065320000
   -0.1611520000
   -0.1582150000
   -0.2107460000
    0.0768530000
    0.0144400000
   -0.0134700000
   -0.1740200000
   -0.1937520000
   -0.1668170000
   -0.1872070000
   -0.1813600000
   -0.0325360000
    0.1391770000
   -0.2406380000
   -0.2176490000
    0.0407620000
    0.0570130000
   -0.2521170000
   -0.1727340000
    0.0601100000
   -0.0570850000
    0.0956990000
    0.0149690000
   -0.1837470000
   -0.1659180000
   -0.1901650000
   -0.1599120000
   -0.1913290000
    0.0775970000
   -0.2266150000
   -0.1568110000
   -0.1671690000
   -0.2100130000
    0.0971170000
    0.0026780000
    0.0265890000
   -0.2066100000
   -0.1748610000
   -0.1720730000
   -0.1722060000
   -0.2053500000
    0.0744130000
    0.1061980000
   -0.2654460000
   -0.2408570000
    0.0420790000
    0.0792110000
   -0.2268200000
   -0.2052490000
    0.1071180000
   -0.0059770000
   -0.2062840000
    0.1394350000
    0.0661940000
   -0.1191490000
   -0.2129260000
   -0.1621100000
    0.1764410000
    0.1901440000
    0.1954110000
    0.1927130000
    0.1818120000
    0.1773470000
    0.1910140000
    0.1939970000
    0.1801310000
    0.1843080000
    0.1878940000
    0.1890290000
    0.1954410000
    0.2052940000
    0.1841460000
    0.1971570000
    0.1931780000
    0.1878090000
    0.1675850000
    0.1965560000
    0.1836850000
    0.1930760000
    0.1811400000
    0.1816310000
    0.1930140000
    0.1832280000
    0.1885080000
    0.1754180000
    0.1883340000
    0.1838090000
    0.2004860000
    0.1805730000
    0.2069400000
    0.1925890000
    0.1909370000
    0.1958860000
