   -0.0238100000
   -0.0358480000
    0.0045950000
   -0.0162530000
   -0.0148330000
   -0.0305860000
   -0.0104740000
   -0.0099210000
    0.0120050000
   -0.0112010000
   -0.0371480000
    0.0128480000
   -0.0453960000
    0.0069300000
    0.0311800000
   -0.0465010000
   -0.0251760000
    0.0010910000
   -0.0272160000
    0.0296940000
   -0.0348940000
   -0.0203760000
   -0.0491990000
   -0.0282640000
   -0.0029980000
   -0.0668780000
    0.0121290000
   -0.0254310000
   -0.0674820000
   -0.0228370000
    0.0169590000
    0.1095180000
   -0.0016540000
    0.0726980000
    0.0671290000
    0.0629600000
    0.0649650000
    0.0861890000
    0.1210510000
    0.0580240000
    0.0425890000
   -0.0486220000
   -0.0056080000
   -0.0560260000
   -0.0342980000
   -0.0118640000
   -0.0436250000
   -0.0541110000
   -0.0139060000
   -0.0317950000
   -0.0334990000
    0.0198750000
   -0.0237740000
   -0.0141050000
   -0.0217320000
   -0.0227320000
    0.0034860000
    0.0174270000
   -0.0571700000
    0.0228000000
   -0.0347270000
   -0.0339490000
    0.0127430000
   -0.0074310000
    0.0332730000
   -0.0186160000
   -0.0101130000
   -0.0357240000
    0.0217210000
   -0.0108200000
   -0.1707880000
   -0.2076590000
   -0.1748470000
   -0.0318770000
   -0.0283650000
    0.1237760000
   -0.2224680000
   -0.1746660000
   -0.1847500000
   -0.2075430000
   -0.0001370000
    0.0717970000
   -0.0297390000
   -0.2009990000
   -0.1830910000
   -0.1865660000
   -0.1889110000
   -0.1945860000
    0.0078500000
    0.0723000000
   -0.2342760000
   -0.2582710000
    0.0841220000
    0.0943730000
   -0.2758840000
   -0.2422080000
    0.1065250000
   -0.0599770000
    0.0539830000
    0.0240810000
   -0.2293590000
   -0.1628880000
   -0.1922380000
   -0.1805170000
   -0.2381920000
    0.1268930000
   -0.2648890000
   -0.1683300000
   -0.1858840000
   -0.2628700000
    0.0875540000
    0.0269600000
    0.0232440000
   -0.2039510000
   -0.2074150000
   -0.1645340000
   -0.1926910000
   -0.2128080000
   -0.0688940000
    0.0872900000
   -0.2063430000
   -0.2499990000
    0.0288090000
    0.0712080000
   -0.2518980000
   -0.1999070000
    0.1365080000
   -0.0376140000
   -0.1535570000
    0.0440850000
    0.0788570000
   -0.1641800000
   -0.2013880000
   -0.1880290000
    0.1951170000
    0.1897090000
    0.1933360000
    0.1956930000
    0.1936030000
    0.1838370000
    0.1950780000
    0.1963070000
    0.1966090000
    0.1871620000
    0.2019000000
    0.1883130000
    0.1997970000
    0.2079700000
    0.1909050000
    0.2023960000
    0.1859030000
    0.2025930000
    0.1889950000
    0.1959620000
    0.1991830000
    0.1821650000
    0.1927450000
    0.1845760000
    0.2000100000
    0.2005820000
    0.1879090000
    0.1994680000
    0.1882430000
    0.1980440000
    0.2100720000
    0.2037440000
    0.1985800000
    0.2094120000
    0.1943800000
    0.1902120000
