    0.0112210000
   -0.0229490000
   -0.0144860000
   -0.0112770000
   -0.0025000000
   -0.0058850000
    0.0092620000
   -0.0359690000
    0.0210390000
   -0.0404280000
   -0.0470290000
    0.0042030000
   -0.0319730000
   -0.0567200000
    0.0115500000
   -0.0039580000
   -0.0258620000
   -0.0285800000
   -0.0082210000
   -0.0374380000
   -0.0706020000
   -0.0444170000
   -0.0623270000
    0.0026460000
   -0.0245420000
   -0.0272500000
    0.0114740000
   -0.0742590000
   -0.0143210000
   -0.0180360000
    0.0351610000
    0.0920640000
    0.0088480000
    0.0575830000
    0.0596280000
    0.0680650000
    0.0126960000
    0.0738030000
    0.0251960000
    0.1169990000
   -0.0395250000
   -0.0154860000
    0.0052110000
   -0.0428040000
   -0.0176960000
   -0.0281280000
   -0.0427620000
   -0.0294680000
   -0.0630190000
   -0.0837640000
    0.0053060000
   -0.0481610000
   -0.0053660000
   -0.0010420000
   -0.0269870000
   -0.0216780000
   -0.0377410000
   -0.0331730000
   -0.0087420000
   -0.0188850000
    0.0118880000
   -0.0103490000
   -0.0130180000
   -0.0229540000
   -0.0126060000
   -0.0443010000
    0.0110700000
   -0.0005090000
    0.0098990000
   -0.0229250000
   -0.1729050000
   -0.1618130000
   -0.2397180000
    0.0622910000
    0.0357530000
    0.0433330000
   -0.2048280000
   -0.1870750000
   -0.1254570000
   -0.2621950000
    0.1263840000
    0.0592760000
    0.0343300000
   -0.2076610000
   -0.1961130000
   -0.1561980000
   -0.1672280000
   -0.1777930000
   -0.0747700000
    0.0701540000
   -0.1944610000
   -0.2336980000
    0.0607700000
    0.0543670000
   -0.2201180000
   -0.2227830000
    0.1479150000
   -0.0575460000
    0.0945790000
   -0.0440070000
   -0.1776670000
   -0.1781910000
   -0.1747940000
   -0.1814470000
   -0.1621570000
    0.0403310000
   -0.2064620000
   -0.1749260000
   -0.1702620000
   -0.2038850000
    0.0872720000
    0.0001010000
   -0.0489830000
   -0.1789610000
   -0.1857220000
   -0.1683680000
   -0.1872350000
   -0.1756930000
    0.0068050000
    0.0958120000
   -0.1804410000
   -0.2723340000
    0.1389100000
    0.0190110000
   -0.2345680000
   -0.2115810000
    0.0785480000
    0.0178220000
   -0.1591080000
    0.1257280000
    0.0655160000
   -0.1938100000
   -0.2183720000
   -0.1770700000
    0.1730290000
    0.1891160000
    0.1881810000
    0.1946750000
    0.1821450000
    0.1740740000
    0.1854440000
    0.1961320000
    0.1837390000
    0.1757030000
    0.1828100000
    0.1958240000
    0.1937030000
    0.1939760000
    0.1959610000
    0.1985700000
    0.1886400000
    0.1925650000
    0.1814230000
    0.1815000000
    0.1899810000
    0.1965860000
    0.1805100000
    0.1787100000
    0.1901310000
    0.1835750000
    0.1956030000
    0.1832380000
    0.1820250000
    0.1951060000
    0.1975920000
    0.1967110000
    0.1989110000
    0.2004150000
    0.1881740000
    0.1942250000
