   -0.0194700000
   -0.0233330000
    0.0000900000
   -0.0214690000
   -0.0131330000
    0.0117950000
   -0.0146890000
   -0.0113830000
    0.0275660000
   -0.0165390000
   -0.0337840000
    0.0034310000
   -0.0447870000
    0.0050830000
    0.0346050000
   -0.0195250000
   -0.0253310000
    0.0334020000
   -0.0154420000
    0.0298220000
   -0.0190980000
   -0.0107010000
   -0.0511590000
   -0.0185190000
   -0.0305940000
   -0.0412530000
   -0.0019960000
   -0.0262720000
   -0.0750470000
   -0.0262820000
    0.0065020000
    0.1105050000
    0.0002210000
    0.0800640000
    0.0707480000
    0.0650890000
    0.0720940000
    0.0913320000
    0.1133700000
    0.0640810000
    0.0268140000
   -0.0547980000
   -0.0219240000
   -0.0490770000
   -0.0116750000
   -0.0095180000
   -0.0591120000
   -0.0642000000
   -0.0235180000
   -0.0259010000
   -0.0209180000
    0.0350640000
   -0.0173700000
   -0.0095950000
   -0.0235740000
   -0.0347340000
   -0.0046100000
    0.0052880000
   -0.0522980000
    0.0149060000
   -0.0476290000
   -0.0330200000
    0.0162560000
   -0.0243160000
   -0.0094740000
   -0.0199780000
   -0.0196940000
   -0.0314270000
    0.0295400000
   -0.0071380000
   -0.1717610000
   -0.2075630000
   -0.1769890000
   -0.0340960000
   -0.0310750000
    0.1243360000
   -0.2217150000
   -0.1673040000
   -0.1893370000
   -0.2043620000
   -0.0011150000
    0.0732710000
   -0.0294790000
   -0.2007610000
   -0.1830450000
   -0.1863020000
   -0.1888610000
   -0.1945610000
    0.0080490000
    0.0715520000
   -0.2319710000
   -0.2606340000
    0.0860190000
    0.0905920000
   -0.2754840000
   -0.2438720000
    0.1047680000
   -0.0643710000
    0.0502490000
    0.0236930000
   -0.2298250000
   -0.1629150000
   -0.1926620000
   -0.1806220000
   -0.2385070000
    0.1261370000
   -0.2666740000
   -0.1676840000
   -0.1883210000
   -0.2622990000
    0.0865170000
    0.0278330000
    0.0236900000
   -0.2036020000
   -0.2073610000
   -0.1640550000
   -0.1926450000
   -0.2124990000
   -0.0665690000
    0.0855700000
   -0.2057550000
   -0.2512250000
    0.0282220000
    0.0674210000
   -0.2533840000
   -0.2017270000
    0.1335340000
   -0.0476250000
   -0.1579240000
    0.0430010000
    0.0772660000
   -0.1656260000
   -0.2013640000
   -0.1888900000
    0.1951170000
    0.1897000000
    0.1933990000
    0.1956890000
    0.1936320000
    0.1838330000
    0.1950840000
    0.1963000000
    0.1966120000
    0.1871600000
    0.2019140000
    0.1881260000
    0.1997920000
    0.2079700000
    0.1909030000
    0.2023910000
    0.1859060000
    0.2025870000
    0.1889950000
    0.1959490000
    0.1991800000
    0.1821620000
    0.1927440000
    0.1845760000
    0.2000040000
    0.2005870000
    0.1879130000
    0.1994680000
    0.1882470000
    0.1980460000
    0.2100730000
    0.2037400000
    0.1985710000
    0.2093880000
    0.1943710000
    0.1902040000
