    0.0007510000
   -0.0381850000
   -0.0166190000
   -0.0318690000
   -0.0011940000
   -0.0187930000
    0.0030970000
   -0.0508460000
    0.0200580000
   -0.0438980000
   -0.0463100000
   -0.0089020000
   -0.0286100000
   -0.0708560000
    0.0080470000
   -0.0155490000
   -0.0305120000
   -0.0451020000
   -0.0093080000
   -0.0306240000
   -0.0624900000
   -0.0434450000
   -0.0589240000
    0.0023740000
   -0.0252390000
   -0.0159570000
    0.0108790000
   -0.0638370000
   -0.0161560000
   -0.0102530000
    0.0284320000
    0.0895590000
    0.0067490000
    0.0531690000
    0.0578080000
    0.0649380000
    0.0129630000
    0.0627310000
    0.0117110000
    0.1159600000
   -0.0393170000
   -0.0157600000
    0.0020820000
   -0.0353480000
   -0.0050020000
   -0.0249550000
   -0.0370500000
   -0.0279850000
   -0.0565140000
   -0.0727650000
    0.0070660000
   -0.0430120000
   -0.0030100000
   -0.0024650000
   -0.0393140000
   -0.0423600000
   -0.0497590000
   -0.0323580000
   -0.0048280000
   -0.0085370000
    0.0105910000
   -0.0236510000
   -0.0150870000
   -0.0278570000
   -0.0206560000
   -0.0461040000
    0.0054230000
   -0.0015800000
    0.0106720000
   -0.0337940000
   -0.1729010000
   -0.1619210000
   -0.2392540000
    0.0617850000
    0.0457440000
    0.0461870000
   -0.2058810000
   -0.1823120000
   -0.1260120000
   -0.2609270000
    0.1288160000
    0.0785510000
    0.0346850000
   -0.2070850000
   -0.1952220000
   -0.1545950000
   -0.1672910000
   -0.1753250000
   -0.0775240000
    0.0969290000
   -0.1908470000
   -0.2212460000
    0.0737780000
    0.0539030000
   -0.2031380000
   -0.2300520000
    0.1661450000
   -0.0664390000
    0.0972690000
   -0.0463880000
   -0.1787100000
   -0.1783120000
   -0.1766940000
   -0.1819510000
   -0.1630100000
    0.0425960000
   -0.2090540000
   -0.1737020000
   -0.1703980000
   -0.2054780000
    0.0892960000
    0.0047890000
   -0.0492360000
   -0.1790030000
   -0.1856660000
   -0.1685860000
   -0.1873780000
   -0.1757630000
    0.0044280000
    0.1135240000
   -0.1832540000
   -0.2568640000
    0.1414260000
    0.0263000000
   -0.2249850000
   -0.2130790000
    0.0993790000
    0.0057770000
   -0.1588740000
    0.1252720000
    0.0653900000
   -0.1937650000
   -0.2179100000
   -0.1770080000
    0.1730230000
    0.1891340000
    0.1881820000
    0.1946730000
    0.1821450000
    0.1739810000
    0.1854610000
    0.1961550000
    0.1836320000
    0.1757090000
    0.1828420000
    0.1958540000
    0.1937310000
    0.1939780000
    0.1959570000
    0.1985450000
    0.1886380000
    0.1925530000
    0.1814260000
    0.1815040000
    0.1899500000
    0.1965590000
    0.1805090000
    0.1787080000
    0.1901310000
    0.1835840000
    0.1956100000
    0.1832360000
    0.1820220000
    0.1950930000
    0.1975930000
    0.1967210000
    0.1988890000
    0.2004340000
    0.1881570000
    0.1942370000
