   -0.0389000000
    0.0391330000
   -0.0314740000
   -0.0363440000
    0.0132090000
   -0.0126610000
    0.0079410000
   -0.0359820000
    0.0201120000
   -0.0204750000
   -0.0249550000
   -0.0254000000
    0.0057700000
    0.0172330000
    0.0496140000
   -0.0006080000
   -0.0651090000
    0.0187680000
   -0.0061800000
   -0.0612890000
   -0.0153100000
   -0.0635130000
   -0.0356760000
    0.0207970000
   -0.0683510000
   -0.0065310000
   -0.0032630000
   -0.0391890000
   -0.0233080000
   -0.0068400000
   -0.0085140000
    0.1083930000
    0.0034350000
    0.1210140000
    0.0134720000
    0.1005860000
    0.0671060000
    0.0147500000
    0.0634710000
    0.0273250000
    0.0064490000
   -0.0498770000
   -0.0204590000
   -0.0487650000
   -0.0893290000
   -0.0101680000
   -0.0274710000
   -0.0216190000
   -0.0310600000
   -0.0815340000
    0.0136100000
   -0.0245020000
    0.0307510000
    0.0478220000
   -0.0038320000
   -0.0219240000
   -0.0106350000
    0.0200320000
    0.0038520000
    0.0250140000
   -0.0024130000
   -0.0202360000
   -0.0340170000
   -0.0197470000
   -0.0133790000
   -0.0246920000
   -0.0239410000
   -0.0054200000
    0.0011520000
   -0.0306330000
   -0.1627940000
   -0.1977290000
   -0.1745210000
    0.0066310000
   -0.0369140000
    0.0822940000
   -0.2218540000
   -0.1892190000
   -0.1532960000
   -0.2610550000
    0.0327950000
    0.1146620000
   -0.0139360000
   -0.1695420000
   -0.1894570000
   -0.1520320000
   -0.1847850000
   -0.1938580000
   -0.1047540000
    0.1108210000
   -0.2160430000
   -0.2377140000
    0.0609410000
    0.0341950000
   -0.2347650000
   -0.2132530000
    0.0810350000
   -0.0618760000
    0.0915780000
   -0.0060340000
   -0.1889990000
   -0.1996730000
   -0.1683930000
   -0.1854880000
   -0.1793810000
    0.0392480000
   -0.2603820000
   -0.1839100000
   -0.1808540000
   -0.2193700000
    0.1139220000
   -0.0425880000
   -0.0029240000
   -0.1858040000
   -0.1799000000
   -0.1804100000
   -0.1734580000
   -0.2199220000
    0.0398860000
    0.1442530000
   -0.2362890000
   -0.2510350000
    0.0285060000
    0.0881180000
   -0.2432040000
   -0.2114500000
    0.1263980000
   -0.0034240000
   -0.1228910000
   -0.0095110000
    0.1092630000
   -0.1653760000
   -0.1699540000
   -0.2044520000
    0.1902650000
    0.1822240000
    0.1940120000
    0.2002420000
    0.1709690000
    0.1853830000
    0.1820060000
    0.1937690000
    0.1788970000
    0.1842180000
    0.1791700000
    0.1950590000
    0.2041010000
    0.1886290000
    0.1888800000
    0.2043300000
    0.1930750000
    0.1847040000
    0.1898900000
    0.1829990000
    0.1920850000
    0.1969760000
    0.1741240000
    0.1901790000
    0.1928230000
    0.1892340000
    0.1937460000
    0.1801150000
    0.1873990000
    0.1950030000
    0.1970880000
    0.1936530000
    0.1836840000
    0.2142670000
    0.1901760000
    0.1812700000
