   -0.0360870000
    0.0141010000
   -0.0445670000
   -0.0116200000
    0.0171690000
   -0.0085080000
   -0.0119110000
   -0.0000150000
    0.0479870000
   -0.0555430000
   -0.0272660000
    0.0318320000
   -0.0460130000
   -0.0066710000
   -0.0174950000
   -0.0595020000
   -0.0514620000
    0.0167110000
   -0.0184430000
    0.0116470000
   -0.0044190000
   -0.0855050000
   -0.0168980000
   -0.0511460000
   -0.0989840000
   -0.0175220000
   -0.0541600000
   -0.0407570000
   -0.0585440000
   -0.0410610000
    0.0920680000
    0.0016920000
    0.0869800000
    0.0570990000
    0.0063590000
    0.0749050000
    0.0765360000
   -0.0008200000
    0.0496680000
    0.0628710000
   -0.0306280000
   -0.0296780000
   -0.0679510000
   -0.0294150000
   -0.0808380000
    0.0063910000
   -0.0850330000
   -0.0319800000
   -0.0231900000
   -0.0861450000
   -0.0238600000
   -0.0470320000
    0.0039240000
   -0.0034890000
    0.0275890000
    0.0110710000
   -0.0082900000
   -0.0262590000
   -0.0675310000
   -0.0568410000
   -0.0141670000
   -0.0080650000
    0.0125500000
   -0.0236500000
   -0.0050850000
   -0.0055010000
    0.0079470000
   -0.0160310000
   -0.0029310000
   -0.0389830000
   -0.1677710000
   -0.1885220000
   -0.2025670000
    0.0593840000
    0.1216100000
    0.0331430000
   -0.2040920000
   -0.1602820000
   -0.1567290000
   -0.2087140000
    0.0771630000
    0.0176310000
   -0.0133110000
   -0.1738050000
   -0.1937110000
   -0.1666720000
   -0.1871660000
   -0.1811090000
   -0.0320150000
    0.1392790000
   -0.2395710000
   -0.2173540000
    0.0414170000
    0.0583340000
   -0.2519070000
   -0.1711230000
    0.0602760000
   -0.0545900000
    0.0996220000
    0.0155800000
   -0.1831550000
   -0.1658120000
   -0.1894190000
   -0.1598240000
   -0.1907110000
    0.0776820000
   -0.2241670000
   -0.1558000000
   -0.1657020000
   -0.2073380000
    0.0972870000
    0.0056100000
    0.0273370000
   -0.2061000000
   -0.1746520000
   -0.1713560000
   -0.1721420000
   -0.2046650000
    0.0754610000
    0.1063570000
   -0.2645350000
   -0.2397580000
    0.0427300000
    0.0812280000
   -0.2265270000
   -0.2034130000
    0.1075530000
   -0.0033020000
   -0.2060670000
    0.1395240000
    0.0663060000
   -0.1191250000
   -0.2114820000
   -0.1620320000
    0.1765400000
    0.1901590000
    0.1954160000
    0.1927330000
    0.1818160000
    0.1773480000
    0.1910170000
    0.1940020000
    0.1801420000
    0.1843080000
    0.1879090000
    0.1890370000
    0.1954410000
    0.2052960000
    0.1841560000
    0.1971600000
    0.1931800000
    0.1878250000
    0.1675860000
    0.1965650000
    0.1837060000
    0.1930830000
    0.1811580000
    0.1816340000
    0.1930240000
    0.1832270000
    0.1885150000
    0.1754500000
    0.1882880000
    0.1838190000
    0.2004300000
    0.1816620000
    0.2070680000
    0.1924110000
    0.1909430000
    0.1959220000
