   -0.0064430000
   -0.0404550000
   -0.0164950000
   -0.0452910000
   -0.0025270000
   -0.0077150000
   -0.0157390000
   -0.0432360000
    0.0211600000
   -0.0328150000
   -0.0572890000
    0.0014260000
   -0.0202320000
   -0.0465130000
    0.0094870000
    0.0094100000
   -0.0144870000
   -0.0326140000
   -0.0083320000
   -0.0272750000
   -0.0587160000
   -0.0419320000
   -0.0578940000
   -0.0246960000
   -0.0212140000
   -0.0099510000
   -0.0004270000
   -0.0492430000
   -0.0488180000
   -0.0236990000
    0.0426080000
    0.0931810000
    0.0104950000
    0.0613650000
    0.0595400000
    0.0725150000
    0.0146850000
    0.0809530000
    0.0341730000
    0.1176800000
   -0.0577770000
   -0.0480140000
   -0.0386970000
   -0.0330460000
   -0.0027550000
   -0.0257740000
   -0.0341810000
   -0.0379680000
   -0.0584240000
   -0.0618180000
    0.0240290000
   -0.0339400000
    0.0000040000
    0.0014670000
   -0.0633970000
   -0.0461400000
   -0.0366620000
   -0.0421000000
    0.0131460000
   -0.0020490000
    0.0117030000
   -0.0251630000
   -0.0109230000
   -0.0326540000
   -0.0246230000
   -0.0675380000
   -0.0161620000
   -0.0062260000
    0.0087190000
   -0.0602610000
   -0.1773450000
   -0.1621870000
   -0.2463540000
    0.0582430000
    0.0000620000
    0.0692270000
   -0.2319860000
   -0.1753370000
   -0.1289160000
   -0.2855390000
    0.1449470000
    0.0306170000
    0.0328750000
   -0.2111440000
   -0.1959960000
   -0.1600830000
   -0.1678260000
   -0.1812970000
   -0.0285020000
    0.0817560000
   -0.1866510000
   -0.2416470000
    0.0892940000
    0.0514550000
   -0.2188260000
   -0.2394410000
    0.1494370000
   -0.0384560000
    0.0497410000
   -0.0509150000
   -0.1863080000
   -0.1789480000
   -0.1853700000
   -0.1826430000
   -0.1699230000
    0.0638790000
   -0.2276680000
   -0.1576000000
   -0.1743560000
   -0.2124110000
    0.1060110000
   -0.0155870000
   -0.0497050000
   -0.1799960000
   -0.1858940000
   -0.1691710000
   -0.1872740000
   -0.1771020000
    0.0611310000
    0.1132070000
   -0.1724160000
   -0.2746770000
    0.1645900000
    0.0247900000
   -0.2369160000
   -0.2263050000
    0.0897450000
    0.0433240000
   -0.1144240000
    0.1594340000
    0.0935050000
   -0.1483210000
   -0.2224500000
   -0.1777540000
    0.1730250000
    0.1889930000
    0.1880570000
    0.1946810000
    0.1821390000
    0.1741830000
    0.1852210000
    0.1961210000
    0.1835680000
    0.1756780000
    0.1827370000
    0.1957860000
    0.1936820000
    0.1939720000
    0.1959530000
    0.1985230000
    0.1886290000
    0.1923590000
    0.1814220000
    0.1813680000
    0.1898580000
    0.1963780000
    0.1805620000
    0.1787260000
    0.1901410000
    0.1835010000
    0.1955790000
    0.1832430000
    0.1819880000
    0.1951260000
    0.1975760000
    0.1967050000
    0.1988220000
    0.2003760000
    0.1881790000
    0.1941390000
