   -0.0424120000
   -0.0036030000
   -0.0371340000
   -0.0405410000
    0.0081920000
   -0.0377530000
   -0.0257180000
   -0.0378410000
    0.0475030000
   -0.0735710000
   -0.0300080000
   -0.0002080000
   -0.0189090000
    0.0024100000
   -0.0258750000
   -0.0717480000
   -0.0439580000
    0.0096050000
   -0.0171740000
    0.0179380000
   -0.0009440000
   -0.0474780000
   -0.0110170000
   -0.0575340000
   -0.0544260000
    0.0044670000
   -0.0418730000
   -0.0045910000
   -0.0626170000
   -0.0336260000
    0.0741090000
    0.0008200000
    0.0760650000
    0.0499580000
   -0.0091620000
    0.0575100000
    0.0718260000
   -0.0154530000
    0.0138210000
    0.0644090000
   -0.0177060000
   -0.0339580000
   -0.0681100000
   -0.0292600000
   -0.0388730000
    0.0106400000
   -0.0348400000
   -0.0281180000
    0.0112610000
   -0.0534500000
   -0.0307730000
   -0.0448220000
   -0.0029120000
   -0.0008170000
    0.0184680000
   -0.0118460000
   -0.0303690000
   -0.0298670000
   -0.0389590000
   -0.0054780000
   -0.0067530000
   -0.0269070000
    0.0020630000
   -0.0233690000
   -0.0348900000
   -0.0019350000
   -0.0085460000
   -0.0066420000
   -0.0138200000
   -0.0500310000
   -0.1809130000
   -0.1908760000
   -0.2076060000
    0.0480730000
    0.1102410000
    0.0416680000
   -0.2230580000
   -0.1566780000
   -0.1668170000
   -0.2195750000
    0.0801380000
    0.0255940000
   -0.0143400000
   -0.1741380000
   -0.1935290000
   -0.1672340000
   -0.1873920000
   -0.1814170000
   -0.0344730000
    0.1917350000
   -0.2427840000
   -0.1858330000
    0.0610170000
    0.0584770000
   -0.2164850000
   -0.1858880000
    0.1043200000
   -0.0945020000
    0.0763030000
    0.0078390000
   -0.1889200000
   -0.1672470000
   -0.1978210000
   -0.1605850000
   -0.1965190000
    0.0836880000
   -0.2486210000
   -0.1563050000
   -0.1780790000
   -0.2269880000
    0.0998240000
    0.0039720000
    0.0221380000
   -0.2093540000
   -0.1754030000
   -0.1762240000
   -0.1729050000
   -0.2078610000
    0.0665390000
    0.1532640000
   -0.2730930000
   -0.2049790000
    0.0591790000
    0.0800890000
   -0.1936470000
   -0.2237130000
    0.1530530000
   -0.0502560000
   -0.2073150000
    0.1387170000
    0.0671520000
   -0.1193910000
   -0.2194720000
   -0.1638450000
    0.1764660000
    0.1901040000
    0.1953940000
    0.1926880000
    0.1817570000
    0.1773410000
    0.1910220000
    0.1939920000
    0.1801280000
    0.1843030000
    0.1878800000
    0.1889940000
    0.1954650000
    0.2052840000
    0.1840970000
    0.1971540000
    0.1932380000
    0.1877100000
    0.1675760000
    0.1965190000
    0.1835090000
    0.1929980000
    0.1810350000
    0.1815960000
    0.1929550000
    0.1831980000
    0.1885080000
    0.1752620000
    0.1883230000
    0.1838060000
    0.2002840000
    0.1814050000
    0.2071060000
    0.1923820000
    0.1909010000
    0.1958420000
