   -0.0338490000
   -0.0214220000
   -0.0051550000
   -0.0283020000
    0.0001180000
   -0.0251380000
   -0.0404260000
   -0.0297930000
   -0.0125310000
   -0.0110380000
   -0.0288750000
   -0.0188690000
   -0.0585530000
   -0.0238690000
    0.0287710000
   -0.0723780000
   -0.0281100000
   -0.0135050000
   -0.0205710000
    0.0191050000
   -0.0262840000
   -0.0259650000
   -0.0487710000
   -0.0198880000
   -0.0176380000
   -0.0554100000
    0.0071720000
   -0.0241750000
   -0.0723280000
   -0.0176480000
   -0.0014940000
    0.0769720000
   -0.0169170000
    0.0652820000
    0.0536780000
    0.0391740000
    0.0572580000
    0.0483260000
    0.0803590000
    0.0331700000
    0.0334360000
   -0.0516800000
   -0.0093510000
   -0.0504460000
   -0.0236520000
   -0.0083310000
   -0.0563650000
   -0.0514240000
   -0.0213920000
   -0.0165020000
   -0.0672310000
    0.0206740000
   -0.0110480000
   -0.0226800000
   -0.0392430000
   -0.0482790000
   -0.0005410000
    0.0144620000
   -0.0706380000
    0.0110570000
   -0.0605850000
   -0.0665920000
    0.0209110000
   -0.0403180000
   -0.0065590000
   -0.0240820000
   -0.0112560000
   -0.0229940000
    0.0392700000
   -0.0120000000
   -0.1679300000
   -0.2078710000
   -0.1713430000
   -0.0314010000
    0.0194750000
    0.1261010000
   -0.2070970000
   -0.1671890000
   -0.1768500000
   -0.1931400000
   -0.0012300000
    0.1186330000
   -0.0282160000
   -0.1969040000
   -0.1829950000
   -0.1845320000
   -0.1883120000
   -0.1914790000
   -0.0055320000
    0.1094260000
   -0.2250940000
   -0.2301640000
    0.1050080000
    0.1071110000
   -0.2401020000
   -0.2391190000
    0.1425610000
   -0.0638710000
    0.0772610000
    0.0246780000
   -0.2273760000
   -0.1628420000
   -0.1906290000
   -0.1801360000
   -0.2362320000
    0.1297780000
   -0.2568550000
   -0.1614750000
   -0.1799890000
   -0.2533250000
    0.0903330000
    0.0534240000
    0.0235870000
   -0.2010390000
   -0.2072840000
   -0.1621780000
   -0.1926680000
   -0.2103720000
   -0.0752680000
    0.1331620000
   -0.2042640000
   -0.2156020000
    0.0442330000
    0.0941870000
   -0.2224450000
   -0.1910460000
    0.1776400000
   -0.0447250000
   -0.1585550000
    0.0431780000
    0.0770330000
   -0.1654650000
   -0.1976140000
   -0.1881510000
    0.1951170000
    0.1898450000
    0.1934500000
    0.1957270000
    0.1936330000
    0.1838830000
    0.1950470000
    0.1963210000
    0.1967300000
    0.1871640000
    0.2021360000
    0.1881740000
    0.1998560000
    0.2079870000
    0.1909160000
    0.2024140000
    0.1859320000
    0.2026300000
    0.1890030000
    0.1960250000
    0.1991760000
    0.1821960000
    0.1927490000
    0.1845700000
    0.2001430000
    0.2005940000
    0.1879880000
    0.1994820000
    0.1883070000
    0.1980800000
    0.2100870000
    0.2038080000
    0.1986050000
    0.2094310000
    0.1944350000
    0.1903400000
