   -0.0476750000
    0.0261250000
   -0.0341930000
   -0.0543590000
    0.0105980000
   -0.0241040000
   -0.0137310000
   -0.0498990000
    0.0235010000
   -0.0355470000
   -0.0404450000
   -0.0370710000
    0.0266860000
    0.0181060000
    0.0463440000
   -0.0065000000
   -0.0590180000
    0.0144440000
   -0.0040850000
   -0.0573670000
   -0.0135410000
   -0.0506630000
   -0.0362830000
   -0.0074690000
   -0.0459900000
    0.0145640000
   -0.0344890000
   -0.0258160000
   -0.0418580000
   -0.0300860000
   -0.0092050000
    0.1076200000
    0.0019920000
    0.1207090000
    0.0120030000
    0.1005500000
    0.0660360000
    0.0143820000
    0.0632410000
    0.0272070000
   -0.0049280000
   -0.0671880000
   -0.0446020000
   -0.0463390000
   -0.0734790000
   -0.0102660000
   -0.0160420000
   -0.0557360000
   -0.0135340000
   -0.0554170000
    0.0222380000
   -0.0060570000
    0.0306360000
    0.0463140000
   -0.0316740000
   -0.0321810000
   -0.0163670000
   -0.0028850000
    0.0115360000
    0.0392130000
   -0.0007880000
   -0.0345640000
   -0.0318970000
   -0.0172030000
   -0.0245920000
   -0.0229290000
   -0.0316820000
   -0.0090200000
    0.0015620000
   -0.0407770000
   -0.1607900000
   -0.1974440000
   -0.1723650000
    0.0082560000
   -0.0236630000
    0.0823220000
   -0.2105150000
   -0.1846270000
   -0.1488990000
   -0.2501870000
    0.0326660000
    0.1277870000
   -0.0109340000
   -0.1669460000
   -0.1890300000
   -0.1485250000
   -0.1845260000
   -0.1902800000
   -0.0980370000
    0.1107960000
   -0.2028210000
   -0.2350630000
    0.0680050000
    0.0369540000
   -0.2341130000
   -0.2081200000
    0.0803870000
   -0.0563480000
    0.1092280000
   -0.0032460000
   -0.1868080000
   -0.1988240000
   -0.1644020000
   -0.1851390000
   -0.1752060000
    0.0395720000
   -0.2475290000
   -0.1757190000
   -0.1775030000
   -0.2066450000
    0.1133950000
   -0.0266580000
   -0.0015390000
   -0.1845550000
   -0.1798670000
   -0.1787440000
   -0.1728990000
   -0.2186690000
    0.0471450000
    0.1421020000
   -0.2324980000
   -0.2541940000
    0.0298390000
    0.0884920000
   -0.2459400000
   -0.2117190000
    0.1254340000
    0.0014560000
   -0.1238680000
   -0.0083870000
    0.1081680000
   -0.1671480000
   -0.1688050000
   -0.2042050000
    0.1902690000
    0.1823360000
    0.1939410000
    0.2002820000
    0.1709840000
    0.1853950000
    0.1820650000
    0.1937890000
    0.1789490000
    0.1842260000
    0.1791990000
    0.1956370000
    0.2041450000
    0.1886520000
    0.1888890000
    0.2043630000
    0.1931200000
    0.1847550000
    0.1898960000
    0.1830760000
    0.1920910000
    0.1969880000
    0.1741360000
    0.1901850000
    0.1928350000
    0.1890720000
    0.1937820000
    0.1801130000
    0.1874640000
    0.1950160000
    0.1971000000
    0.1936510000
    0.1836860000
    0.2142870000
    0.1902030000
    0.1812970000
