    0.0178720000
   -0.0041730000
   -0.0105200000
    0.0011910000
    0.0029060000
    0.0071800000
    0.0225530000
   -0.0165150000
    0.0233120000
   -0.0218130000
   -0.0369710000
    0.0187380000
   -0.0157290000
   -0.0464790000
    0.0113550000
    0.0146660000
   -0.0081580000
   -0.0191540000
   -0.0005120000
   -0.0248780000
   -0.0561810000
   -0.0356600000
   -0.0548210000
    0.0056870000
   -0.0204900000
    0.0003510000
    0.0168380000
   -0.0446780000
   -0.0120070000
   -0.0023670000
    0.0422750000
    0.0931020000
    0.0108390000
    0.0626590000
    0.0593880000
    0.0728640000
    0.0153080000
    0.0811290000
    0.0339190000
    0.1178640000
   -0.0356960000
   -0.0129870000
    0.0041680000
   -0.0298480000
    0.0056800000
   -0.0212490000
   -0.0302310000
   -0.0186250000
   -0.0498180000
   -0.0603640000
    0.0320670000
   -0.0245810000
    0.0030920000
    0.0035120000
   -0.0225270000
   -0.0136430000
   -0.0219870000
   -0.0236610000
    0.0138760000
    0.0019590000
    0.0144710000
    0.0046050000
   -0.0090740000
   -0.0122960000
   -0.0017480000
   -0.0303070000
    0.0241690000
    0.0016500000
    0.0170150000
   -0.0085270000
   -0.1750100000
   -0.1621490000
   -0.2412060000
    0.0607630000
    0.0302430000
    0.0355150000
   -0.2175580000
   -0.1909580000
   -0.1395840000
   -0.2722850000
    0.1188530000
    0.0590130000
    0.0336750000
   -0.2091760000
   -0.1956150000
   -0.1579170000
   -0.1678270000
   -0.1780280000
   -0.0962960000
    0.0318160000
   -0.2145390000
   -0.2648600000
    0.0340010000
    0.0158070000
   -0.2451960000
   -0.2632170000
    0.1164590000
   -0.0898610000
    0.0856000000
   -0.0470470000
   -0.1806480000
   -0.1786400000
   -0.1793810000
   -0.1822150000
   -0.1643060000
    0.0347680000
   -0.2123750000
   -0.1784400000
   -0.1785780000
   -0.2062820000
    0.0776250000
    0.0041330000
   -0.0491450000
   -0.1795250000
   -0.1856310000
   -0.1688220000
   -0.1875030000
   -0.1753970000
   -0.0137650000
    0.0716920000
   -0.2084550000
   -0.2985330000
    0.1085710000
   -0.0089640000
   -0.2709260000
   -0.2436060000
    0.0519330000
   -0.0235870000
   -0.1599070000
    0.1235320000
    0.0635480000
   -0.1944840000
   -0.2197700000
   -0.1772450000
    0.1730030000
    0.1890700000
    0.1881720000
    0.1946420000
    0.1821040000
    0.1741700000
    0.1856120000
    0.1961180000
    0.1838770000
    0.1757590000
    0.1827900000
    0.1956480000
    0.1937470000
    0.1939530000
    0.1958980000
    0.1985380000
    0.1886110000
    0.1925080000
    0.1813980000
    0.1814530000
    0.1899460000
    0.1965110000
    0.1804720000
    0.1786690000
    0.1901040000
    0.1835460000
    0.1956100000
    0.1832240000
    0.1820180000
    0.1950790000
    0.1975950000
    0.1964220000
    0.1980020000
    0.2003320000
    0.1881390000
    0.1941900000
