   -0.0160130000
    0.0172830000
   -0.0349490000
   -0.0015370000
    0.0179340000
   -0.0064330000
   -0.0076740000
    0.0021840000
    0.0507650000
   -0.0356860000
   -0.0161680000
    0.0386990000
   -0.0173900000
    0.0197370000
   -0.0161380000
   -0.0287220000
   -0.0064760000
    0.0257260000
   -0.0120770000
    0.0210290000
    0.0013750000
   -0.0416250000
   -0.0080750000
   -0.0480230000
   -0.0526180000
    0.0097050000
   -0.0356500000
    0.0010840000
   -0.0561710000
   -0.0293500000
    0.0929580000
    0.0021290000
    0.0867310000
    0.0589560000
    0.0067860000
    0.0767080000
    0.0770020000
    0.0019620000
    0.0497640000
    0.0657640000
   -0.0142530000
   -0.0291400000
   -0.0647540000
   -0.0239780000
   -0.0367280000
    0.0127570000
   -0.0311930000
   -0.0231560000
    0.0138700000
   -0.0520570000
    0.0064810000
   -0.0161220000
    0.0102580000
    0.0028150000
    0.0297550000
    0.0129780000
    0.0069010000
   -0.0145860000
   -0.0262610000
   -0.0041390000
   -0.0051090000
    0.0029920000
    0.0136560000
   -0.0079770000
   -0.0034690000
    0.0126820000
    0.0125050000
   -0.0048480000
   -0.0014790000
   -0.0198740000
   -0.1836910000
   -0.1910740000
   -0.2098070000
    0.0480530000
    0.0929960000
    0.0295050000
   -0.2268500000
   -0.1631650000
   -0.1769760000
   -0.2201430000
    0.0659790000
    0.0193690000
   -0.0141650000
   -0.1745900000
   -0.1935830000
   -0.1672450000
   -0.1875880000
   -0.1812360000
   -0.0553490000
    0.1249710000
   -0.2725230000
   -0.2371360000
    0.0111010000
    0.0233700000
   -0.2678930000
   -0.2044900000
    0.0435870000
   -0.1093360000
    0.0696880000
    0.0087790000
   -0.1887670000
   -0.1675680000
   -0.1985380000
   -0.1603560000
   -0.1978150000
    0.0727570000
   -0.2482310000
   -0.1656740000
   -0.1836510000
   -0.2301420000
    0.0895320000
   -0.0078450000
    0.0217880000
   -0.2104740000
   -0.1754380000
   -0.1770880000
   -0.1728500000
   -0.2086250000
    0.0466360000
    0.0903730000
   -0.2957330000
   -0.2663750000
    0.0190740000
    0.0257700000
   -0.2521050000
   -0.2495830000
    0.0808970000
   -0.0701390000
   -0.2113860000
    0.1363000000
    0.0644930000
   -0.1218060000
   -0.2214580000
   -0.1638520000
    0.1765310000
    0.1900800000
    0.1953740000
    0.1925410000
    0.1817160000
    0.1773030000
    0.1909820000
    0.1939580000
    0.1801160000
    0.1842950000
    0.1878610000
    0.1890090000
    0.1952710000
    0.2050850000
    0.1840930000
    0.1971680000
    0.1930430000
    0.1876720000
    0.1675270000
    0.1964970000
    0.1834700000
    0.1929730000
    0.1809430000
    0.1815660000
    0.1929260000
    0.1831930000
    0.1884690000
    0.1754550000
    0.1882940000
    0.1837950000
    0.2004370000
    0.1814000000
    0.2070760000
    0.1925350000
    0.1908530000
    0.1957810000
