   -0.0185240000
    0.0540240000
   -0.0264750000
   -0.0115990000
    0.0164790000
   -0.0053680000
    0.0114600000
   -0.0246540000
    0.0242990000
   -0.0167730000
   -0.0177170000
   -0.0173870000
    0.0137780000
    0.0181070000
    0.0490770000
   -0.0098660000
   -0.0602260000
    0.0258510000
   -0.0053790000
   -0.0565470000
   -0.0056680000
   -0.0513030000
   -0.0342900000
    0.0176400000
   -0.0516410000
    0.0092980000
   -0.0140100000
   -0.0398350000
   -0.0163130000
   -0.0070710000
   -0.0091650000
    0.1067850000
    0.0003940000
    0.1207980000
    0.0104990000
    0.0980650000
    0.0662070000
    0.0098450000
    0.0619070000
    0.0264270000
    0.0128060000
   -0.0356850000
   -0.0274300000
   -0.0404960000
   -0.0732500000
   -0.0074490000
   -0.0245010000
   -0.0426810000
   -0.0243420000
   -0.0593910000
    0.0224310000
   -0.0088960000
    0.0329020000
    0.0438920000
   -0.0163050000
   -0.0182960000
   -0.0091150000
    0.0086250000
    0.0133680000
    0.0388920000
   -0.0015290000
   -0.0195160000
   -0.0323010000
   -0.0094190000
   -0.0185110000
   -0.0001340000
   -0.0105510000
    0.0008580000
    0.0073780000
   -0.0054930000
   -0.1618090000
   -0.1976520000
   -0.1726910000
    0.0071500000
   -0.0128090000
    0.0748850000
   -0.2144020000
   -0.1913390000
   -0.1515740000
   -0.2570310000
    0.0279910000
    0.1288410000
   -0.0140080000
   -0.1688170000
   -0.1892580000
   -0.1519480000
   -0.1850260000
   -0.1919260000
   -0.1352170000
    0.0918680000
   -0.2321230000
   -0.2574180000
    0.0371880000
    0.0182070000
   -0.2525490000
   -0.2319230000
    0.0648970000
   -0.0861510000
    0.1080130000
   -0.0059450000
   -0.1885830000
   -0.1989920000
   -0.1680590000
   -0.1855400000
   -0.1778230000
    0.0345270000
   -0.2573120000
   -0.1853550000
   -0.1824750000
   -0.2159450000
    0.1065440000
   -0.0249860000
   -0.0032210000
   -0.1860230000
   -0.1796310000
   -0.1808050000
   -0.1740510000
   -0.2192030000
    0.0181130000
    0.1282730000
   -0.2539560000
   -0.2726700000
    0.0098830000
    0.0712690000
   -0.2637160000
   -0.2271770000
    0.1124820000
   -0.0225230000
   -0.1259370000
   -0.0110470000
    0.1066950000
   -0.1681490000
   -0.1691850000
   -0.2041890000
    0.1902460000
    0.1823240000
    0.1939180000
    0.2002280000
    0.1709360000
    0.1853380000
    0.1819980000
    0.1937770000
    0.1789380000
    0.1842090000
    0.1792250000
    0.1955650000
    0.2041150000
    0.1881830000
    0.1887330000
    0.2043310000
    0.1930830000
    0.1847380000
    0.1898670000
    0.1830560000
    0.1920290000
    0.1969450000
    0.1740740000
    0.1901330000
    0.1927760000
    0.1892890000
    0.1937760000
    0.1800970000
    0.1874240000
    0.1949960000
    0.1970020000
    0.1935880000
    0.1835880000
    0.2143170000
    0.1902000000
    0.1813100000
