   -0.0047690000
   -0.0148080000
    0.0153350000
    0.0038900000
    0.0027370000
   -0.0220460000
   -0.0043880000
   -0.0004170000
    0.0123360000
   -0.0039990000
   -0.0259250000
    0.0156850000
   -0.0336400000
    0.0129400000
    0.0303050000
   -0.0369200000
   -0.0155810000
    0.0077910000
   -0.0181910000
    0.0323350000
   -0.0248050000
   -0.0247230000
   -0.0473570000
   -0.0169830000
   -0.0143650000
   -0.0522480000
    0.0151280000
   -0.0114920000
   -0.0619790000
   -0.0110370000
    0.0000500000
    0.1035200000
   -0.0089020000
    0.0655120000
    0.0574110000
    0.0508010000
    0.0566920000
    0.0815590000
    0.1092770000
    0.0483110000
    0.0379040000
   -0.0412160000
   -0.0078840000
   -0.0493130000
   -0.0231170000
   -0.0089800000
   -0.0478960000
   -0.0432810000
   -0.0179740000
   -0.0147400000
   -0.0281320000
    0.0291850000
   -0.0095470000
   -0.0062190000
   -0.0120560000
   -0.0253850000
    0.0086560000
    0.0186100000
   -0.0422660000
    0.0242170000
   -0.0351330000
   -0.0296460000
    0.0225680000
   -0.0163100000
   -0.0013420000
    0.0006320000
   -0.0038530000
   -0.0057450000
    0.0416770000
    0.0103890000
   -0.1705910000
   -0.2082510000
   -0.1732770000
   -0.0327510000
   -0.0024930000
    0.1133010000
   -0.2169130000
   -0.1837220000
   -0.1874350000
   -0.2047410000
   -0.0131760000
    0.0881600000
   -0.0291770000
   -0.1990270000
   -0.1832440000
   -0.1862310000
   -0.1884250000
   -0.1941960000
   -0.0255630000
    0.0476520000
   -0.2522990000
   -0.2899930000
    0.0618870000
    0.0695620000
   -0.2981720000
   -0.2591780000
    0.0827600000
   -0.0838810000
    0.0806030000
    0.0254500000
   -0.2268250000
   -0.1628790000
   -0.1905170000
   -0.1798570000
   -0.2364760000
    0.1214680000
   -0.2527090000
   -0.1655570000
   -0.1839240000
   -0.2493610000
    0.0818200000
    0.0561020000
    0.0253170000
   -0.2001230000
   -0.2070440000
   -0.1608140000
   -0.1925590000
   -0.2084800000
   -0.0935880000
    0.0722280000
   -0.2264250000
   -0.2647020000
    0.0119870000
    0.0558440000
   -0.2713710000
   -0.2151640000
    0.1200480000
   -0.0630410000
   -0.1619430000
    0.0416430000
    0.0751930000
   -0.1668910000
   -0.2004190000
   -0.1883430000
    0.1951020000
    0.1897650000
    0.1933750000
    0.1956760000
    0.1935840000
    0.1838250000
    0.1950110000
    0.1963170000
    0.1966610000
    0.1871510000
    0.2020010000
    0.1881160000
    0.1998320000
    0.2079210000
    0.1904850000
    0.2024300000
    0.1858280000
    0.2026310000
    0.1889840000
    0.1960400000
    0.1991740000
    0.1821960000
    0.1927010000
    0.1845360000
    0.2000930000
    0.2006080000
    0.1880180000
    0.1994610000
    0.1883280000
    0.1980510000
    0.2099670000
    0.2036880000
    0.1982970000
    0.2094070000
    0.1943420000
    0.1902730000
