  STATES      Coupling(eV)
   0    1     0.0155008600 
   0    2    -0.0077456990 
   0    3     0.0038141750 
   0    4    -0.7914782000 
   0    5    -0.0111646800 
   0    6    -0.0031745490 
   0    7     0.0211372200 
   0    8     0.0767880000 
   0    9     0.3481002000 
   0   10    -0.0055551510 
   0   11     0.0116592900 
   0   12     0.0612225900 
   0   13    -0.1840922000 
   0   14     0.0723523000 
   0   15     0.0105964600 
   0   16    -0.0129712900 
   0   17     0.3453638000 
   0   18    -0.0166879500 
   0   19    -0.0165086400 
   0   20    -0.0197490500 
   0   21    -0.0056586570 
   0   22    -0.0078993010 
   0   23    -0.2744431000 
   0   24    -0.5448073000 
   0   25     0.2291364000 
   0   26    -0.0215529200 
   0   27     0.4011829000 
   0   28     0.0280714300 
   0   29     0.0025805470 
   0   30    -0.3408166000 
   0   31    -0.9639346000 
   0   32     0.3321046000 
   0   33     0.7333935000 
   0   34     0.9337253000 
   0   35     0.9636068000 
   0   36    -0.0070997150 
   0   37    -0.0299595100 
   0   38     0.3366145000 
   0   39    -0.5081168000 
   0   40     0.0728644800 
   1    2     0.0424349400 
   1    3    -0.0825602400 
   1    4     0.0124841900 
   1    5     0.0867344500 
   1    6    -0.0129651900 
   1    7    -0.0512051700 
   1    8     0.0015676660 
   1    9     0.0046234640 
   1   10     0.0101867100 
   1   11     0.0014279740 
   1   12    -0.0026251320 
   1   13    -0.0288051300 
   1   14     0.0052354680 
   1   15     0.0014643760 
   1   16    -0.0103852000 
   1   17    -0.0001923576 
   1   18     0.0008922630 
   1   19     0.0036310870 
   1   20    -0.0126753500 
   1   21    -0.0126680500 
   1   22     0.0119022800 
   1   23    -0.0018501400 
   1   24     0.0012961490 
   1   25     0.0045770950 
   1   26    -0.0427048500 
   1   27    -0.0005312854 
   1   28    -0.0032031400 
   1   29    -0.0019472030 
   1   30     0.0121795000 
   1   31    -0.0060011210 
   1   32     0.0120883000 
   1   33    -0.0028260280 
   1   34     0.0071565680 
   1   35    -0.0011791660 
   1   36     0.0045779140 
   1   37    -0.0003895039 
   1   38     0.0022908520 
   1   39    -0.0054852410 
   1   40     0.0024270280 
   2    3    -0.0440317400 
   2    4    -0.0001090223 
   2    5     0.0653644500 
   2    6    -0.0002336996 
   2    7     0.0064398720 
   2    8    -0.0087242800 
   2    9     0.0066770750 
   2   10    -0.0389331800 
   2   11    -0.0015657160 
   2   12     0.0020109880 
   2   13     0.0013801200 
   2   14    -0.0049894650 
   2   15     0.0119542200 
   2   16     0.0007447999 
   2   17    -0.0008453415 
   2   18    -0.0263707300 
   2   19    -0.0034718530 
   2   20    -0.0318383400 
   2   21    -0.0243006800 
   2   22     0.0159785700 
   2   23    -0.0018251540 
   2   24    -0.0067903050 
   2   25     0.0103381100 
   2   26    -0.1532152000 
   2   27     0.0025583330 
   2   28     0.0143043900 
   2   29     0.0067414070 
   2   30    -0.0083443340 
   2   31    -0.0088061130 
   2   32     0.0067756320 
   2   33     0.0016723870 
   2   34     0.0080933540 
   2   35     0.0072035340 
   2   36     0.0047783750 
   2   37    -0.0054431670 
   2   38     0.0025801440 
   2   39     0.0097719900 
   2   40     0.0010907580 
   3    4    -0.0015223740 
   3    5     0.0542492200 
   3    6    -0.0006350741 
   3    7     0.0029736140 
   3    8    -0.0007169173 
   3    9     0.0005192138 
   3   10    -0.0167889300 
   3   11    -0.0088598110 
   3   12     0.0076338630 
   3   13    -0.0021200360 
   3   14    -0.0092731340 
   3   15    -0.0195347900 
   3   16    -0.0322040700 
   3   17     0.0000948033 
   3   18    -0.0052553220 
   3   19     0.0257826200 
   3   20     0.0350471100 
   3   21     0.0054940100 
   3   22    -0.0043685920 
   3   23    -0.0010618160 
   3   24    -0.0052982180 
   3   25    -0.0153711900 
   3   26     0.0508174400 
   3   27     0.0002639478 
   3   28    -0.0044098530 
   3   29     0.0008704082 
   3   30     0.0006158943 
   3   31     0.0103051100 
   3   32     0.0056917460 
   3   33    -0.0071261360 
   3   34    -0.0036850740 
   3   35     0.0076262030 
   3   36     0.0041436010 
   3   37    -0.0081217020 
   3   38    -0.0000211426 
   3   39    -0.0022992330 
   3   40    -0.0005727757 
   4    5    -0.0064335560 
   4    6     0.0226509800 
   4    7     0.0059208090 
   4    8     0.0179793000 
   4    9     0.0256228300 
   4   10    -0.0001652981 
   4   11     0.0002191701 
   4   12    -0.0037058990 
   4   13    -0.0254818000 
   4   14     0.0037164070 
   4   15     0.0030723430 
   4   16    -0.0051860820 
   4   17    -0.0984751100 
   4   18     0.0042153840 
   4   19     0.0009804236 
   4   20    -0.0016659230 
   4   21    -0.0049808410 
   4   22    -0.0064831840 
   4   23     0.0470663300 
   4   24    -0.0356198500 
   4   25    -0.0052478730 
   4   26    -0.0012060690 
   4   27     0.0060835080 
   4   28     0.0012579500 
   4   29     0.0003837986 
   4   30    -0.0227106000 
   4   31     0.2842968000 
   4   32     0.0151058700 
   4   33     0.0624009800 
   4   34     0.0564901500 
   4   35     0.0863758400 
   4   36    -0.0020426190 
   4   37    -0.0036543440 
   4   38     0.0264426000 
   4   39    -0.0395152000 
   4   40    -0.0129535700 
   5    6     0.0001464590 
   5    7    -0.0007692772 
   5    8     0.0005595436 
   5    9    -0.0009009539 
   5   10    -0.0015881800 
   5   11     0.0011493090 
   5   12    -0.0003779971 
   5   13    -0.0003747089 
   5   14     0.0001692550 
   5   15     0.0051271220 
   5   16    -0.0018721820 
   5   17     0.0001880203 
   5   18    -0.0003263258 
   5   19    -0.0028180870 
   5   20    -0.0047378360 
   5   21    -0.0122098000 
   5   22     0.0013795780 
   5   23     0.0000840390 
   5   24    -0.0007235792 
   5   25     0.0088095100 
   5   26    -0.1246020000 
   5   27     0.0062929390 
   5   28    -0.0120553700 
   5   29    -0.0064902160 
   5   30     0.0005062312 
   5   31    -0.0301268800 
   5   32    -0.0013724350 
   5   33    -0.0012178350 
   5   34    -0.0014328080 
   5   35    -0.0004940555 
   5   36    -0.0186184000 
   5   37    -0.0012528640 
   5   38    -0.0014596860 
   5   39     0.0022767580 
   5   40     0.0178344000 
   6    7    -0.0149831500 
   6    8     0.0475690800 
   6    9    -0.0704741800 
   6   10    -0.0011282970 
   6   11    -0.0119900700 
   6   12     0.0833483700 
   6   13     0.1164132000 
   6   14    -0.0076668330 
   6   15    -0.0008633270 
   6   16    -0.0006693958 
   6   17    -0.0594880700 
   6   18     0.0027974260 
   6   19    -0.0059172770 
   6   20    -0.0012623070 
   6   21    -0.0002082874 
   6   22    -0.0038585600 
   6   23     0.1802866000 
   6   24    -0.0063622570 
   6   25     0.0502794900 
   6   26    -0.0009498946 
   6   27    -0.1626725000 
   6   28     0.0017958460 
   6   29     0.0073621360 
   6   30    -0.0219101900 
   6   31     0.0039521390 
   6   32     0.0437184600 
   6   33    -0.0380266600 
   6   34    -0.0045498090 
   6   35    -0.0295236500 
   6   36     0.0010443220 
   6   37     0.0013694120 
   6   38    -0.1547123000 
   6   39     0.2063811000 
   6   40     0.0550271500 
   7    8     0.0013170450 
   7    9     0.0049269440 
   7   10     0.0129068700 
   7   11     0.0019068750 
   7   12    -0.0044135080 
   7   13    -0.0334783900 
   7   14     0.0065129970 
   7   15    -0.0083143770 
   7   16    -0.0871128400 
   7   17    -0.0071216800 
   7   18     0.0013972390 
   7   19     0.0057393600 
   7   20     0.0394021200 
   7   21    -0.0367957500 
   7   22     0.0150035900 
   7   23     0.0069906180 
   7   24     0.0007763558 
   7   25     0.0054155280 
   7   26     0.0091132700 
   7   27    -0.0035951750 
   7   28    -0.0144919400 
   7   29    -0.0035617270 
   7   30     0.0128659900 
   7   31    -0.0020177360 
   7   32     0.0148009300 
   7   33    -0.0023651650 
   7   34     0.0067857650 
   7   35    -0.0030986990 
   7   36     0.0041956300 
   7   37     0.0019355950 
   7   38     0.0010639530 
   7   39    -0.0055144780 
   7   40     0.0016578590 
   8    9     0.0200955800 
   8   10    -0.0112395600 
   8   11     0.0301580100 
   8   12     0.0245981900 
   8   13     0.0662582000 
   8   14     0.0057258300 
   8   15    -0.0030238160 
   8   16     0.0000661633 
   8   17     0.0016356150 
   8   18     0.0865355300 
   8   19    -0.0233911600 
   8   20     0.0118684400 
   8   21     0.0011687460 
   8   22    -0.0124995800 
   8   23    -0.1568122000 
   8   24     0.0197834900 
   8   25     0.1373967000 
   8   26    -0.0022339690 
   8   27     0.0939659000 
   8   28    -0.0008096966 
   8   29    -0.0108707900 
   8   30     0.1389614000 
   8   31    -0.0091138810 
   8   32     0.0437679900 
   8   33    -0.1358887000 
   8   34     0.0428234400 
   8   35     0.0060910750 
   8   36     0.0018829890 
   8   37    -0.0011935330 
   8   38     0.2991826000 
   8   39    -0.0770753300 
   8   40    -0.0104435700 
   9   10     0.0075397170 
   9   11    -0.0238876400 
   9   12     0.0461295700 
   9   13     0.0516360700 
   9   14    -0.0158914500 
   9   15     0.0007015351 
   9   16     0.0016247110 
   9   17     0.0116518500 
   9   18    -0.0920023300 
   9   19    -0.0219192900 
   9   20     0.0105930900 
   9   21     0.0001469300 
   9   22     0.0069470150 
   9   23    -0.1171241000 
   9   24     0.0683122100 
   9   25    -0.0466446600 
   9   26    -0.0004847530 
   9   27     0.0777097900 
   9   28     0.0006230946 
   9   29    -0.0000510433 
   9   30     0.0927974800 
   9   31    -0.0194079800 
   9   32     0.0319919800 
   9   33     0.0712871700 
   9   34     0.0214761700 
   9   35    -0.0063984460 
   9   36    -0.0048848270 
   9   37    -0.0005313308 
   9   38     0.1528509000 
   9   39    -0.2342782000 
   9   40    -0.0773775000 
  10   11    -0.0040704370 
  10   12     0.0021883700 
  10   13     0.0021210250 
  10   14    -0.0083572940 
  10   15     0.0377095300 
  10   16    -0.0235200600 
  10   17    -0.0003889599 
  10   18    -0.0329677800 
  10   19    -0.0010112170 
  10   20     0.0165105400 
  10   21    -0.0882856900 
  10   22     0.0222031600 
  10   23    -0.0037061330 
  10   24    -0.0101823200 
  10   25     0.0117972300 
  10   26     0.0141482100 
  10   27     0.0025895600 
  10   28     0.0687991400 
  10   29     0.0081762690 
  10   30    -0.0087592650 
  10   31     0.0003518076 
  10   32     0.0077533600 
  10   33    -0.0014218640 
  10   34     0.0116419900 
  10   35     0.0070120660 
  10   36     0.0080797380 
  10   37    -0.0075294790 
  10   38     0.0033395710 
  10   39     0.0123877600 
  10   40     0.0017855110 
  11   12    -0.0160330500 
  11   13    -0.0030899860 
  11   14    -0.0265203900 
  11   15    -0.0085767580 
  11   16    -0.0043100290 
  11   17     0.0033028610 
  11   18     0.0637818300 
  11   19    -0.0804113100 
  11   20    -0.0023009600 
  11   21    -0.0030818940 
  11   22     0.0330812100 
  11   23     0.0089756620 
  11   24     0.0077574840 
  11   25    -0.0625705300 
  11   26    -0.0072844410 
  11   27    -0.0041911210 
  11   28     0.0007970065 
  11   29     0.0120517100 
  11   30     0.0333253000 
  11   31    -0.0003739453 
  11   32    -0.0173119400 
  11   33    -0.0186885900 
  11   34    -0.0257685200 
  11   35    -0.0239749300 
  11   36     0.0086039720 
  11   37    -0.0034828690 
  11   38     0.0299310900 
  11   39    -0.0374591100 
  11   40    -0.0159065700 
  12   13     0.0036746760 
  12   14     0.0070529930 
  12   15     0.0056642210 
  12   16     0.0030272720 
  12   17    -0.0052867720 
  12   18    -0.0263647700 
  12   19     0.0510973600 
  12   20     0.0016976590 
  12   21     0.0004079149 
  12   22    -0.0101890500 
  12   23     0.0047754250 
  12   24     0.0554451100 
  12   25     0.0917548100 
  12   26     0.0068761780 
  12   27    -0.0167352600 
  12   28     0.0097734080 
  12   29    -0.0162789300 
  12   30    -0.0433950900 
  12   31    -0.0001046204 
  12   32    -0.0320355500 
  12   33     0.0775717700 
  12   34     0.0145466600 
  12   35     0.0061035520 
  12   36    -0.0034869660 
  12   37     0.0025809890 
  12   38    -0.1555614000 
  12   39     0.0463826100 
  12   40    -0.0066208140 
  13   14    -0.0009151041 
  13   15    -0.0012312700 
  13   16    -0.0020730470 
  13   17     0.0085718950 
  13   18     0.0435936400 
  13   19    -0.0320078100 
  13   20     0.0025436380 
  13   21    -0.0014971570 
  13   22     0.0102726000 
  13   23    -0.0393039300 
  13   24    -0.0129890000 
  13   25    -0.0495957300 
  13   26    -0.0001656916 
  13   27    -0.0237005600 
  13   28     0.0050358530 
  13   29    -0.0094446500 
  13   30    -0.0850020200 
  13   31     0.0072072050 
  13   32    -0.0607067400 
  13   33     0.0038297740 
  13   34    -0.0588151000 
  13   35     0.0360843600 
  13   36     0.0000859840 
  13   37     0.0020973250 
  13   38    -0.0700861300 
  13   39     0.1143633000 
  13   40     0.1364141000 
  14   15    -0.0049783210 
  14   16    -0.0035953900 
  14   17     0.0021085900 
  14   18    -0.0129116900 
  14   19     0.0527553000 
  14   20    -0.0008647468 
  14   21    -0.0052222420 
  14   22     0.0298252400 
  14   23    -0.0043263420 
  14   24    -0.0153490800 
  14   25    -0.0481314200 
  14   26     0.0133712900 
  14   27     0.0010789940 
  14   28     0.0005317369 
  14   29    -0.0100591900 
  14   30     0.0076438740 
  14   31     0.0001935601 
  14   32     0.0135985600 
  14   33    -0.0102861700 
  14   34    -0.0083058440 
  14   35     0.0108456800 
  14   36    -0.0033652000 
  14   37     0.0038208220 
  14   38     0.0146949300 
  14   39    -0.0293719400 
  14   40     0.0126622800 
  15   16     0.0038394970 
  15   17     0.0007862034 
  15   18    -0.0066747610 
  15   19     0.0264206900 
  15   20    -0.0136806600 
  15   21    -0.0393724200 
  15   22    -0.0072145330 
  15   23    -0.0021678370 
  15   24    -0.0077056860 
  15   25    -0.0154672700 
  15   26    -0.0134356800 
  15   27    -0.0006225715 
  15   28     0.1016129000 
  15   29     0.0039422710 
  15   30    -0.0004439892 
  15   31     0.0064808430 
  15   32     0.0072381910 
  15   33    -0.0067314510 
  15   34    -0.0039205290 
  15   35     0.0073459410 
  15   36     0.0024868880 
  15   37    -0.0137703100 
  15   38     0.0014889940 
  15   39     0.0007720817 
  15   40    -0.0008952580 
  16   17    -0.0000743749 
  16   18    -0.0049545900 
  16   19     0.0153752300 
  16   20    -0.0352982100 
  16   21     0.0052577710 
  16   22    -0.0023281360 
  16   23    -0.0000272377 
  16   24    -0.0032750720 
  16   25    -0.0093018820 
  16   26    -0.0199884200 
  16   27     0.0016534890 
  16   28    -0.0057723800 
  16   29     0.0025745120 
  16   30    -0.0005078470 
  16   31    -0.0082467230 
  16   32     0.0016468850 
  16   33    -0.0040694900 
  16   34    -0.0014808510 
  16   35     0.0045755870 
  16   36     0.0007528197 
  16   37    -0.0071671270 
  16   38     0.0009078992 
  16   39    -0.0026960420 
  16   40     0.0008063478 
  17   18    -0.0010478090 
  17   19    -0.0079440250 
  17   20     0.0064848860 
  17   21     0.0000276282 
  17   22     0.0043224120 
  17   23     0.0440706300 
  17   24    -0.0486328900 
  17   25    -0.0018754940 
  17   26    -0.0009201370 
  17   27     0.0861046600 
  17   28     0.0002510250 
  17   29     0.0018011680 
  17   30     0.1214105000 
  17   31    -0.0074828360 
  17   32    -0.0136773400 
  17   33     0.0290119300 
  17   34     0.1652932000 
  17   35    -0.1750716000 
  17   36     0.0070327520 
  17   37     0.0056678350 
  17   38    -0.0154805600 
  17   39     0.0340533300 
  17   40     0.0255753700 
  18   19     0.0089327030 
  18   20     0.0009323908 
  18   21    -0.0001635023 
  18   22     0.0057141900 
  18   23     0.0021061160 
  18   24     0.0241243600 
  18   25     0.0017836590 
  18   26     0.0012935760 
  18   27    -0.0145003100 
  18   28    -0.0005816071 
  18   29     0.0076800130 
  18   30     0.0402217500 
  18   31     0.0038577230 
  18   32    -0.0467283100 
  18   33    -0.0074350390 
  18   34    -0.0364068300 
  18   35    -0.0565853300 
  18   36     0.0039523190 
  18   37    -0.0069273900 
  18   38    -0.0021038790 
  18   39    -0.0657017100 
  18   40     0.0844185200 
  19   20     0.0005666615 
  19   21     0.0000123578 
  19   22     0.0070231200 
  19   23    -0.0083630990 
  19   24    -0.0054869110 
  19   25    -0.0268948700 
  19   26    -0.0009314643 
  19   27    -0.0046214600 
  19   28     0.0005214131 
  19   29    -0.0027835410 
  19   30    -0.0003089782 
  19   31    -0.0008401611 
  19   32     0.0203404100 
  19   33    -0.0260820200 
  19   34    -0.0226876300 
  19   35     0.0230835100 
  19   36    -0.0081975220 
  19   37    -0.0008106132 
  19   38    -0.0204209300 
  19   39    -0.0160082700 
  19   40     0.0058728980 
  20   21    -0.0046350170 
  20   22     0.0028285050 
  20   23     0.0063562040 
  20   24    -0.0022117770 
  20   25    -0.0020942160 
  20   26    -0.0036403340 
  20   27     0.0069787730 
  20   28     0.0067370860 
  20   29     0.0028196760 
  20   30     0.0076284030 
  20   31     0.0018294930 
  20   32    -0.0012258130 
  20   33     0.0003488128 
  20   34     0.0013397570 
  20   35     0.0045503670 
  20   36     0.0028000020 
  20   37    -0.0052718930 
  20   38     0.0019278020 
  20   39    -0.0000321242 
  20   40     0.0024858330 
  21   22     0.0012131220 
  21   23    -0.0005044006 
  21   24     0.0003966174 
  21   25    -0.0018762560 
  21   26     0.0049991970 
  21   27    -0.0008882206 
  21   28     0.0745903700 
  21   29    -0.0023647040 
  21   30    -0.0002083861 
  21   31    -0.0058161130 
  21   32     0.0007228012 
  21   33    -0.0016096600 
  21   34     0.0000385149 
  21   35    -0.0010192530 
  21   36     0.0018027270 
  21   37    -0.0010353210 
  21   38     0.0000626490 
  21   39     0.0021441110 
  21   40    -0.0006235996 
  22   23    -0.0002993193 
  22   24     0.0001712353 
  22   25     0.0009462300 
  22   26    -0.0027168550 
  22   27     0.0053394880 
  22   28     0.0072727150 
  22   29     0.0813039900 
  22   30     0.0009373542 
  22   31    -0.0103178800 
  22   32     0.0078509650 
  22   33     0.0046577620 
  22   34     0.0127371500 
  22   35     0.0019607570 
  22   36    -0.0025763440 
  22   37     0.0117486600 
  22   38     0.0075031080 
  22   39     0.0001760603 
  22   40     0.0081462730 
  23   24    -0.0048922300 
  23   25    -0.0204596900 
  23   26     0.0017699850 
  23   27     0.0289184100 
  23   28    -0.0024205050 
  23   29     0.0026487300 
  23   30     0.0540900900 
  23   31     0.0164475800 
  23   32    -0.0284704200 
  23   33    -0.0246663700 
  23   34    -0.0119004800 
  23   35     0.0076917120 
  23   36    -0.0083062630 
  23   37    -0.0082128820 
  23   38    -0.1610001000 
  23   39     0.0972422100 
  23   40    -0.0365798400 
  24   25    -0.0060277260 
  24   26     0.0007966103 
  24   27     0.0539975100 
  24   28     0.0112890900 
  24   29    -0.0191098400 
  24   30     0.0709317700 
  24   31     0.0221908600 
  24   32    -0.0876450000 
  24   33    -0.0045775470 
  24   34    -0.0888408900 
  24   35    -0.1139593000 
  24   36     0.0028138500 
  24   37    -0.0003913669 
  24   38     0.0434903000 
  24   39     0.0197745200 
  24   40     0.0201113500 
  25   26    -0.0010192460 
  25   27     0.0327744400 
  25   28     0.0019311320 
  25   29    -0.0008285550 
  25   30    -0.0337817900 
  25   31    -0.0062178140 
  25   32     0.0338796000 
  25   33     0.0830772200 
  25   34     0.0734181400 
  25   35    -0.0436060600 
  25   36     0.0141977100 
  25   37     0.0138953900 
  25   38    -0.1282378000 
  25   39     0.0882420200 
  25   40     0.0344907700 
  26   27     0.0024108140 
  26   28    -0.0037598040 
  26   29    -0.0030003680 
  26   30    -0.0035093730 
  26   31    -0.0006959328 
  26   32     0.0063008720 
  26   33     0.0078165570 
  26   34    -0.0008686726 
  26   35     0.0016435240 
  26   36     0.0025211780 
  26   37     0.0007034699 
  26   38     0.0021540070 
  26   39    -0.0006965897 
  26   40     0.0016263020 
  27   28     0.0001471157 
  27   29    -0.0004897860 
  27   30     0.0130603000 
  27   31    -0.0046563740 
  27   32    -0.0008273460 
  27   33     0.0528904100 
  27   34     0.0331065100 
  27   35     0.0631556700 
  27   36     0.0091860470 
  27   37     0.0120183100 
  27   38    -0.0791331100 
  27   39     0.0823618400 
  27   40     0.0131280700 
  28   29    -0.0012800800 
  28   30    -0.0000429240 
  28   31    -0.0003728305 
  28   32     0.0004465496 
  28   33    -0.0048531300 
  28   34    -0.0047632200 
  28   35     0.0035177200 
  28   36     0.0102258400 
  28   37     0.0090408840 
  28   38    -0.0089814470 
  28   39    -0.0011723840 
  28   40     0.0002806899 
  29   30     0.0000326891 
  29   31     0.0005655379 
  29   32    -0.0012069000 
  29   33     0.0073359940 
  29   34     0.0098789540 
  29   35    -0.0050723160 
  29   36    -0.0251138500 
  29   37    -0.0276315400 
  29   38     0.0115279400 
  29   39     0.0099508510 
  29   40     0.0247846800 
  30   31     0.0022761990 
  30   32    -0.0175841500 
  30   33     0.0401747500 
  30   34    -0.0300815400 
  30   35    -0.0436214500 
  30   36     0.0045746170 
  30   37     0.0035815520 
  30   38    -0.0358369100 
  30   39     0.0673938900 
  30   40     0.0135720600 
  31   32     0.0038664760 
  31   33     0.0049426160 
  31   34     0.0062724110 
  31   35     0.0112974200 
  31   36     0.0000664386 
  31   37    -0.0000754082 
  31   38     0.0009314736 
  31   39    -0.0158535200 
  31   40     0.0043207130 
  32   33    -0.0210577900 
  32   34     0.0305639500 
  32   35     0.0362316100 
  32   36    -0.0016377210 
  32   37    -0.0004865533 
  32   38     0.0121607400 
  32   39     0.0450881300 
  32   40    -0.0091988940 
  33   34     0.0085854780 
  33   35     0.0085531160 
  33   36    -0.0012106290 
  33   37    -0.0008516755 
  33   38    -0.0178672900 
  33   39     0.0263634300 
  33   40    -0.0162629500 
  34   35    -0.0103042100 
  34   36    -0.0005308598 
  34   37    -0.0007854099 
  34   38    -0.0208881900 
  34   39    -0.0000804622 
  34   40    -0.0102955100 
  35   36     0.0003068259 
  35   37     0.0012221760 
  35   38     0.0054716150 
  35   39     0.0045789540 
  35   40     0.0082169670 
  36   37    -0.0099996560 
  36   38    -0.0067744820 
  36   39     0.0067683980 
  36   40     0.0314569000 
  37   38    -0.0026311900 
  37   39     0.0031610100 
  37   40     0.0229327400 
  38   39    -0.0024735810 
  38   40     0.0206522800 
  39   40    -0.0178233600 
