   -0.0295930000
    0.0480980000
   -0.0374080000
   -0.0219130000
    0.0034750000
   -0.0030720000
    0.0024680000
   -0.0138220000
    0.0152950000
   -0.0333560000
   -0.0331190000
   -0.0221380000
   -0.0448120000
   -0.0177280000
    0.0547010000
   -0.0387330000
   -0.0769300000
    0.0080130000
   -0.0066840000
   -0.0596210000
   -0.0185700000
   -0.0644400000
   -0.0198520000
    0.0108350000
   -0.1032700000
   -0.0326390000
   -0.0307020000
   -0.0824430000
   -0.0117820000
   -0.0326190000
    0.0065100000
    0.0839440000
    0.0107160000
    0.0988920000
    0.0298960000
    0.0844410000
    0.0593610000
    0.0192220000
    0.0625400000
    0.0190740000
   -0.0035730000
   -0.0376090000
   -0.0373080000
   -0.0326610000
   -0.0837500000
   -0.0193970000
   -0.0647600000
   -0.0580440000
   -0.0622330000
   -0.1089340000
    0.0032410000
   -0.0374460000
    0.0228550000
    0.0498960000
   -0.0241770000
   -0.0116830000
   -0.0274930000
    0.0038360000
   -0.0095860000
    0.0043850000
   -0.0072270000
   -0.0247460000
   -0.0332380000
   -0.0174000000
   -0.0181810000
   -0.0175600000
   -0.0154600000
   -0.0055920000
    0.0056210000
   -0.0165660000
   -0.1675570000
   -0.1982120000
   -0.1729230000
    0.0295710000
    0.0019320000
    0.0875500000
   -0.2193070000
   -0.1963350000
   -0.1418580000
   -0.2654380000
    0.0535870000
    0.0899960000
   -0.0065530000
   -0.1788960000
   -0.1915870000
   -0.1606950000
   -0.1881500000
   -0.1842370000
   -0.1041400000
    0.1109310000
   -0.2199620000
   -0.2309030000
    0.0530980000
    0.0870440000
   -0.2381500000
   -0.1906480000
    0.1082250000
    0.0055370000
    0.1324660000
    0.0126820000
   -0.1913100000
   -0.1997480000
   -0.1690030000
   -0.1864360000
   -0.1810410000
    0.0476320000
   -0.2507170000
   -0.1951700000
   -0.1645040000
   -0.2281540000
    0.1268420000
   -0.0477890000
    0.0151860000
   -0.1908070000
   -0.1841750000
   -0.1851080000
   -0.1796700000
   -0.2265200000
    0.0292260000
    0.1405680000
   -0.2398150000
   -0.2496990000
    0.0353740000
    0.1215690000
   -0.2373480000
   -0.1978100000
    0.1512420000
    0.0493200000
   -0.0894370000
    0.0192930000
    0.1207900000
   -0.1261310000
   -0.1832520000
   -0.2025030000
    0.1940720000
    0.1858570000
    0.1847110000
    0.1998350000
    0.1726920000
    0.1893350000
    0.1787530000
    0.1954990000
    0.1812940000
    0.1879700000
    0.1823630000
    0.1758960000
    0.2020340000
    0.1895390000
    0.1898990000
    0.2033880000
    0.1940040000
    0.1876580000
    0.1944870000
    0.1858420000
    0.1919560000
    0.1946500000
    0.1753930000
    0.1940810000
    0.1908100000
    0.1844360000
    0.1984030000
    0.1819930000
    0.1904750000
    0.1994000000
    0.1912870000
    0.1957330000
    0.1832790000
    0.2109370000
    0.1924120000
    0.1842200000
