   -0.0266850000
    0.0434280000
   -0.0355620000
   -0.0469170000
   -0.0096670000
   -0.0226310000
   -0.0310820000
   -0.0282510000
    0.0387000000
   -0.0477900000
   -0.0556520000
   -0.0338930000
    0.0061670000
    0.0222450000
    0.0573850000
   -0.0233110000
   -0.0492610000
    0.0120430000
    0.0116570000
   -0.0622460000
   -0.0083080000
   -0.0417260000
   -0.0132040000
   -0.0074720000
   -0.0482750000
    0.0060960000
   -0.0432340000
   -0.0322420000
   -0.0066110000
   -0.0367260000
    0.0064900000
    0.0845330000
    0.0106170000
    0.1020130000
    0.0312660000
    0.0876740000
    0.0584720000
    0.0231600000
    0.0629590000
    0.0229590000
   -0.0072240000
   -0.0429510000
   -0.0407050000
   -0.0277560000
   -0.0570260000
   -0.0111400000
   -0.0256500000
   -0.0645230000
   -0.0264020000
   -0.0516750000
    0.0222560000
   -0.0049130000
    0.0246890000
    0.0482230000
   -0.0371010000
   -0.0170620000
   -0.0251510000
   -0.0065900000
    0.0139640000
    0.0351370000
    0.0003530000
   -0.0302080000
   -0.0310140000
   -0.0098390000
   -0.0194550000
   -0.0065710000
   -0.0180140000
   -0.0067100000
   -0.0042670000
   -0.0220360000
   -0.1716720000
   -0.1988570000
   -0.1781300000
    0.0251010000
   -0.0304580000
    0.0815920000
   -0.2362210000
   -0.1929020000
   -0.1634850000
   -0.2656320000
    0.0387460000
    0.0999770000
   -0.0073160000
   -0.1785040000
   -0.1915930000
   -0.1609170000
   -0.1882290000
   -0.1833360000
   -0.1078600000
    0.1272040000
   -0.2162100000
   -0.2257900000
    0.0639920000
    0.0509790000
   -0.2239210000
   -0.2181350000
    0.1008780000
   -0.0614870000
    0.0918670000
    0.0046690000
   -0.1960910000
   -0.2018050000
   -0.1780210000
   -0.1871530000
   -0.1911680000
    0.0464460000
   -0.2683250000
   -0.1887020000
   -0.1874330000
   -0.2280550000
    0.1108000000
   -0.0352280000
    0.0150660000
   -0.1907680000
   -0.1843240000
   -0.1852740000
   -0.1798020000
   -0.2265950000
    0.0277310000
    0.1613190000
   -0.2337840000
   -0.2365600000
    0.0488750000
    0.0881570000
   -0.2192360000
   -0.2165250000
    0.1479780000
   -0.0091950000
   -0.1115080000
    0.0001840000
    0.0988450000
   -0.1486020000
   -0.1854170000
   -0.2032300000
    0.1940470000
    0.1857730000
    0.1846580000
    0.1997480000
    0.1725830000
    0.1893320000
    0.1787080000
    0.1955270000
    0.1813270000
    0.1879820000
    0.1823920000
    0.1778230000
    0.2020110000
    0.1895400000
    0.1898960000
    0.2033100000
    0.1938820000
    0.1875660000
    0.1944740000
    0.1856840000
    0.1919820000
    0.1946380000
    0.1753960000
    0.1940840000
    0.1908160000
    0.1840680000
    0.1984160000
    0.1819910000
    0.1904930000
    0.1993910000
    0.1912470000
    0.1957190000
    0.1832870000
    0.2109340000
    0.1924050000
    0.1841660000
