   -0.0212370000
    0.0231600000
   -0.0501040000
   -0.0235570000
   -0.0229520000
   -0.0192870000
    0.0015630000
   -0.0192690000
    0.0097840000
   -0.0307300000
   -0.0258500000
   -0.0160480000
    0.0318590000
    0.0194210000
    0.0264740000
   -0.0279650000
   -0.0345390000
    0.0252200000
   -0.0258310000
   -0.0984110000
   -0.0549480000
   -0.0167720000
   -0.0429930000
    0.0196760000
   -0.0428080000
   -0.0122170000
   -0.0358580000
   -0.0199830000
   -0.0156330000
   -0.0242720000
    0.0068690000
    0.0852120000
    0.0184170000
    0.1040980000
    0.0262980000
    0.0889740000
    0.0574460000
    0.0223860000
    0.0607750000
    0.0215020000
   -0.0030110000
   -0.0423170000
   -0.0319620000
   -0.0655290000
   -0.0546250000
   -0.0364180000
   -0.0154110000
   -0.0440620000
   -0.0192360000
   -0.0404640000
    0.0103650000
   -0.0009930000
    0.0049680000
    0.0353810000
   -0.0120520000
   -0.0103730000
   -0.0125690000
    0.0177360000
    0.0150490000
    0.0502250000
   -0.0097240000
   -0.0211850000
   -0.0435900000
   -0.0054930000
   -0.0288790000
   -0.0036580000
   -0.0352700000
   -0.0164370000
   -0.0112720000
   -0.0089130000
   -0.1715940000
   -0.1988140000
   -0.1779860000
    0.0252250000
   -0.0289350000
    0.0817600000
   -0.2360070000
   -0.1928820000
   -0.1632570000
   -0.2656150000
    0.0390660000
    0.1011180000
   -0.0072180000
   -0.1784550000
   -0.1915640000
   -0.1608850000
   -0.1882120000
   -0.1830030000
   -0.1079280000
    0.1290420000
   -0.2190110000
   -0.2206470000
    0.0640350000
    0.0511470000
   -0.2220920000
   -0.2186570000
    0.1016660000
   -0.0617610000
    0.0874150000
    0.0043370000
   -0.1964960000
   -0.2019130000
   -0.1785450000
   -0.1871850000
   -0.1917910000
    0.0459870000
   -0.2705620000
   -0.1904260000
   -0.1884070000
   -0.2304590000
    0.1107770000
   -0.0399800000
    0.0147480000
   -0.1910510000
   -0.1842410000
   -0.1854670000
   -0.1797830000
   -0.2268050000
    0.0271300000
    0.1592790000
   -0.2363620000
   -0.2324440000
    0.0470060000
    0.0944430000
   -0.2220470000
   -0.2120670000
    0.1519930000
   -0.0091050000
   -0.1116670000
    0.0003270000
    0.0987820000
   -0.1488950000
   -0.1853860000
   -0.2031940000
    0.1940460000
    0.1857600000
    0.1842870000
    0.1997530000
    0.1725830000
    0.1893320000
    0.1787080000
    0.1955330000
    0.1813310000
    0.1879830000
    0.1823600000
    0.1779680000
    0.2020100000
    0.1895390000
    0.1898900000
    0.2033080000
    0.1938740000
    0.1875550000
    0.1944740000
    0.1856720000
    0.1919930000
    0.1946350000
    0.1753910000
    0.1940830000
    0.1908120000
    0.1844430000
    0.1984270000
    0.1819930000
    0.1904740000
    0.1993850000
    0.1912480000
    0.1957250000
    0.1832730000
    0.2109490000
    0.1924010000
    0.1841660000
