   -0.0141350000
    0.0503370000
   -0.0258890000
   -0.0131590000
    0.0073560000
   -0.0034450000
    0.0022120000
   -0.0129300000
    0.0184210000
   -0.0203570000
   -0.0213440000
   -0.0174160000
   -0.0062760000
    0.0122510000
    0.0593080000
   -0.0254190000
   -0.0534290000
    0.0155060000
   -0.0043880000
   -0.0570820000
   -0.0178940000
   -0.0445370000
   -0.0183760000
    0.0102620000
   -0.0529540000
   -0.0046840000
   -0.0189230000
   -0.0473220000
   -0.0121700000
   -0.0216130000
    0.0069870000
    0.0847850000
    0.0111230000
    0.1010100000
    0.0301170000
    0.0873720000
    0.0592200000
    0.0213440000
    0.0621970000
    0.0209860000
    0.0039740000
   -0.0359850000
   -0.0367840000
   -0.0315810000
   -0.0639840000
   -0.0189580000
   -0.0344930000
   -0.0440240000
   -0.0337420000
   -0.0625690000
    0.0145230000
   -0.0128950000
    0.0250270000
    0.0519500000
   -0.0232400000
   -0.0098350000
   -0.0149220000
    0.0105140000
    0.0086210000
    0.0288660000
   -0.0043610000
   -0.0210830000
   -0.0317020000
   -0.0112880000
   -0.0165710000
   -0.0030090000
   -0.0128120000
    0.0009070000
    0.0072130000
   -0.0062410000
   -0.1712890000
   -0.1987660000
   -0.1771370000
    0.0256810000
   -0.0192480000
    0.0763710000
   -0.2332250000
   -0.1938300000
   -0.1647610000
   -0.2623340000
    0.0341930000
    0.1107040000
   -0.0064970000
   -0.1777940000
   -0.1914040000
   -0.1604530000
   -0.1882070000
   -0.1817480000
   -0.1243570000
    0.1170050000
   -0.2289950000
   -0.2327760000
    0.0515240000
    0.0392530000
   -0.2320930000
   -0.2314720000
    0.0904650000
   -0.0760830000
    0.0992710000
    0.0051740000
   -0.1960450000
   -0.2014650000
   -0.1777740000
   -0.1870760000
   -0.1900930000
    0.0412270000
   -0.2669620000
   -0.1914220000
   -0.1896530000
   -0.2272540000
    0.1055860000
   -0.0294350000
    0.0151390000
   -0.1906310000
   -0.1841390000
   -0.1853570000
   -0.1797160000
   -0.2262990000
    0.0163540000
    0.1386380000
   -0.2454270000
   -0.2565970000
    0.0361550000
    0.0770240000
   -0.2387970000
   -0.2238140000
    0.1298240000
   -0.0212870000
   -0.1118410000
   -0.0005730000
    0.0986850000
   -0.1493450000
   -0.1851620000
   -0.2030950000
    0.1940410000
    0.1857730000
    0.1846950000
    0.1997270000
    0.1725630000
    0.1893070000
    0.1787110000
    0.1955400000
    0.1813520000
    0.1879750000
    0.1824230000
    0.1775580000
    0.2020230000
    0.1892610000
    0.1897840000
    0.2033130000
    0.1938840000
    0.1875700000
    0.1944650000
    0.1857000000
    0.1919630000
    0.1946150000
    0.1753530000
    0.1940520000
    0.1907890000
    0.1845590000
    0.1984290000
    0.1819880000
    0.1904940000
    0.1993980000
    0.1911920000
    0.1956400000
    0.1831810000
    0.2109790000
    0.1924060000
    0.1841780000
