defa
  170
  53.4989998  67.4410018  95.1599993  53.3419998  67.0930019  93.7669993
  52.3859998  66.0820018  93.7329994  51.8939998  65.7630018  95.0759994
  52.5929998  66.6290018  95.9079994  53.2209998  68.1060018  92.7949994
  52.3649998  68.0580018  91.7299993  51.4599998  66.9940018  91.7299993
  51.4599998  66.0230018  92.7029993  50.1329998  65.6680018  92.9089994
  49.6269998  65.4170018  94.1939993  50.5549998  65.4890018  95.1979994
  49.9139998  66.0850018  96.2239993  50.5759998  66.8450018  97.1469994
  51.8899998  67.1380018  97.0009994  52.0859998  68.4870018  97.3639994
  52.9209998  69.3350018  96.5889993  53.5539998  68.7890019  95.4889994
  53.5239998  69.7260018  94.4969994  53.4339998  69.4110018  93.1669993
  52.5239998  70.6300018  96.3169994  52.8739998  70.8760018  94.9709993
  52.0279998  69.3740018  91.4239994  52.7099998  70.2230019  92.3109994
  50.8279998  69.0000018  97.7369994  49.9019998  67.9460018  97.6069993
  48.5929998  66.2940019  95.9619993  48.4809998  65.9950018  94.6239993
  49.3139998  66.4660018  92.0449994  50.1979998  67.3300019  91.3809993
  49.7249998  68.5880018  91.0569993  50.6819998  69.6110018  91.0689993
  52.0529998  71.4020019  92.7559993  52.1299998  71.6860018  94.1159994
  51.3389998  71.2530019  96.8099993  50.4589998  70.4040019  97.5659993
  47.8369998  67.3440018  96.4899994  48.5609998  68.1990019  97.3109994
  48.0229998  66.9060018  92.4299994  47.6079998  66.6660019  93.7959994
  48.3629998  68.9110018  91.1069993  47.4979998  68.0180018  91.7799993
  50.9079998  71.8180019  92.0429994  50.2359998  70.9430019  91.1719993
  51.1649998  72.4710018  94.7319993  50.8039998  72.3090018  96.0729994
  46.6579998  67.5100018  94.3559994  46.8599998  67.8890018  95.6829994
  48.1209998  69.5700018  97.4409993  49.0939998  70.5800019  97.4309994
  48.6039998  71.7160018  96.7809994  49.4459998  72.5490018  96.0719993
  50.0869998  72.9400018  93.9879993  49.8979998  72.6100019  92.6729993
  48.9129998  71.2360018  91.2809994  47.9669998  70.1820019  91.2239993
  46.5419998  68.8360019  92.3549993  46.0799998  68.6190018  93.6519994
  47.0469998  70.0910018  96.7359994  46.4119998  69.1980018  95.8459993
  46.8379998  70.1530018  91.9739993  45.9849998  69.6670018  94.5809993
  47.3169998  71.3670018  96.2639994  49.0199998  73.0310018  94.8429993
  48.6749998  72.2790019  92.1139994  47.7119998  72.6900018  94.3079994
  47.5829998  72.3150018  92.9849994  46.6799998  71.2450018  92.8649994
  46.8799998  71.8750018  95.0619994  46.2259998  71.0090019  94.1829994
  51.4950116  75.5349801  98.0339994  51.9420088  76.6620014  97.3019938
  51.2519791  77.8929589  97.5010299  50.0279998  77.8720019  98.0779993
  49.2439998  78.9870018  98.0609994  49.7939998  80.2610018  98.4279993
  51.1149781  80.4070376  98.9639868  51.6470197  81.6110031  99.3030074
  50.9370160  82.7510364  99.0430029  49.6270070  82.6859882  98.6240011
  49.0029998  81.4560019  98.3659994  47.6769998  81.4290018  97.9029994
  46.9139998  82.5810019  97.7429993  46.5380007  83.2790005  98.8700029
  45.7869814  84.4630343  98.7110548  45.3190075  84.8719914  97.4499996
  45.8310097  84.2689859  96.3190330  46.6310082  83.0969933  96.4559819
  47.1079998  80.1670018  97.6389994  45.7549998  79.7920018  97.3139994
  44.5180025  80.4459866  97.0769957  43.4310450  79.6909751  96.6240063
  43.6039998  78.3140018  96.3699994  42.5059998  77.5560019  95.8879994
  41.1749993  78.0230047  95.7479996  40.1390366  77.2179880  95.3290008
  40.3819998  75.9030018  94.9509994  39.5539998  74.8310019  94.5609994
  38.1849998  74.8290018  94.1559994  37.4949998  76.0250018  93.9909994
  38.1670373  76.8979944  93.1709796  37.6469991  78.0990011  92.8690002
  36.3459853  78.3750460  93.3789938  35.6609286  77.5830175  94.2330289
  36.2659650  76.3909398  94.5070656  37.6329998  73.5500019  93.7719994
  36.2980203  73.4899719  93.3840055  35.6330163  72.3050018  93.1390053
  36.4049981  71.1519988  93.0439988  37.7840262  71.1989451  93.3239973
  38.4099998  72.3990018  93.7979993  39.7379998  72.4610019  94.1289994
  40.5499998  71.3000019  94.1329994  40.7840220  70.4969908  93.0020397
  41.5970013  69.3299946  93.0599892  42.2449871  69.0540194  94.2179969
  42.0889898  69.8140060  95.3699792  41.2380031  70.9129771  95.3199697
  40.3299998  73.6420018  94.4879993  41.6009998  74.0810019  94.9379993
  42.8029994  73.4540035  95.0990000  43.9069836  74.1430106  95.6379984
  43.8709998  75.4940018  95.9549994  44.9699998  76.2810018  96.4769993
  46.2580074  75.7349787  96.6159935  47.2400106  76.5739973  97.0689994
  47.0569998  77.9210018  97.3489993  47.8419998  78.9910019  97.7399994
  45.8019998  78.4310019  97.1429993  44.7839998  77.6270018  96.6639994
  42.6429998  76.1490018  95.6979994  41.5979998  75.3900019  95.2049994
  49.6399793  76.7890039  98.8290134  50.3879977  75.5969952  98.9160038
  52.0128593  74.5792611  98.0319999  52.8628930  76.6190068  96.7260661
  51.6492462  78.7175134  96.9146357  51.6562583  79.5175770  99.2761485
  52.6527623  81.6779860  99.7099033  51.3958070  83.7315897  99.1409582
  49.1199137  83.6391637  98.4979780  46.7999887  82.8760189  99.8449579
  45.4872191  84.9916150  99.6123398  44.6749075  85.7471273  97.4209952
  45.5528824  84.7171911  95.3685980  47.0629000  82.6581033  95.5602062
  44.3339678  81.4881829  97.3250424  42.5034610  80.2393203  96.4809163
  41.0090052  79.0939667  95.8319966  39.1225619  77.6011669  95.2899826
  39.1135529  76.7110901  92.6702358  38.1830082  78.7270117  92.1619883
  36.0091729  79.4004749  93.2500656  34.6768477  77.7998151  94.6406482
  35.8764146  75.6977400  95.2482101  35.6907553  74.3733575  93.2039269
  34.6088026  72.3030014  92.7749293  35.8930198  70.2090387  92.8700062
  38.2416855  70.2136784  93.2870248  40.2747358  70.7531347  92.0765196
  41.7249822  68.6990886  92.1841196  42.8781516  68.1787919  94.3390283
  42.5631189  69.6129513  96.3272397  41.1469610  71.6072977  96.1513537
  43.0170042  72.4719815  94.6849907  44.8601926  73.6238968  95.6970112
  46.5869091  74.7302787  96.3630690  48.2408712  76.1500563  97.0799980
  48.7452435  76.8779777  99.4398329  50.1120248  74.7280805  99.5079458
  59.4659996  68.8960037  98.2939987  90.0000000  90.0000000  90.0000000
