defa
  170
  73.7079998  60.6200018  87.8969994  74.2639998  59.4590018  87.4239994
  73.2959998  58.4990018  87.6269994  72.1559998  59.0840018  88.1809994
  72.4219998  60.4420018  88.3349994  75.1069998  59.3960018  86.3429993
  74.9869998  58.4250019  85.3619994  73.9739998  57.4920018  85.5339994
  73.1729998  57.4720018  86.6459994  71.9529998  57.0520018  86.2029993
  70.7719998  57.6380018  86.7349994  70.8889998  58.6730018  87.6899993
  69.9399998  59.6620018  87.4789994  70.2539998  60.9950018  87.6229994
  71.4929998  61.3660018  88.0109993  71.7299998  62.5670018  87.4719994
  73.1149998  62.7840018  87.0019994  74.0549998  61.8110018  87.2779994
  74.8579998  61.8130018  86.1699994  75.4549998  60.5870018  85.7019993
  73.2839998  63.4420018  85.7689994  74.3719998  62.7220018  85.2119993
  75.1479998  59.0870018  84.1609993  75.4359998  60.3770018  84.3279993
  70.6259998  62.9300018  86.6999993  69.6539998  61.9000018  86.8379994
  69.1559998  59.2520018  86.4059994  69.6749998  58.0430018  85.9079994
  71.9739998  56.8960018  84.8499994  73.2889998  57.1050018  84.4249994
  73.5389998  57.6540019  83.1569994  74.5889998  58.6390018  82.9939993
  75.0309998  61.3540018  83.3699994  74.4949998  62.5770019  83.8799993
  72.1469998  63.7990018  85.0079994  70.8399998  63.5940018  85.5029994
  68.5519998  60.1950018  85.5089994  68.8039998  61.5500019  85.7419994
  70.8849998  57.1000018  83.9859994  69.6479998  57.6410018  84.5399994
  72.4839998  57.6240018  82.2529994  71.1859998  57.3160018  82.6119994
  74.5959998  60.9160019  82.1249993  74.3969998  59.5290019  81.9299994
  73.5579998  63.2660018  83.1449994  72.4159998  63.9220019  83.6499994
  68.8569998  58.4970018  83.7499993  68.3509998  59.7550018  84.1949994
  68.7769998  62.4680018  84.6079994  69.8179998  63.4670018  84.5029994
  70.0929998  63.5910018  83.1629994  71.3829998  63.8340018  82.7259993
  73.2059998  62.8280018  81.8719994  73.7089998  61.6410018  81.4579993
  73.3989998  59.4940018  80.9809994  72.4269998  58.5190018  81.1659993
  70.3069998  58.0470019  81.7969993  69.2039998  58.6230018  82.3989993
  68.5059998  61.9560018  83.3389993  68.2999998  60.6320018  83.1079994
  71.0919998  58.7900018  80.8809993  68.7799998  59.9380018  82.0169993
  69.2539998  62.6840019  82.4329994  71.9299998  63.2000018  81.6039994
  72.9749998  60.8040018  80.6839993  71.1019998  62.3300019  80.8889994
  71.6329998  61.0990018  80.3859994  70.6839998  60.1180018  80.4939993
  69.7939998  62.0290019  81.2939994  69.5119998  60.6710018  81.0699994
  74.2390170  66.8309930  91.3300279  74.1980094  66.0949898  90.1709974
  73.1550060  66.3100146  89.2450135  72.3289998  67.3660019  89.4429994
  71.3409998  67.5560019  88.4569994  71.4159998  68.6420018  87.5509994
  72.5479998  69.4950018  87.5669994  72.6769949  70.4749966  86.5819986
  71.7559997  70.6580029  85.5899986  70.7060004  69.7590018  85.5240001
  70.4479998  68.7490018  86.4749994  69.3589998  67.8850018  86.2599994
  68.4599998  67.9710018  85.1859994  67.7029990  69.1839983  84.8509967
  66.8619883  69.1630188  83.7889965  66.5439849  68.0220002  83.1539821
  67.1520140  66.8540427  83.5110257  68.1830028  66.8339966  84.4270004
  69.3379998  66.8550018  87.2519994  68.4119998  65.7530019  87.3629993
  67.2010272  65.4679630  86.8270348  66.5639998  64.2870018  87.1649994
  67.0749998  63.3830018  88.1659993  66.6339998  62.0580018  88.4039993
  65.6040043  61.4569964  87.6480052  65.3470030  60.0730040  87.7380028
  66.1119998  59.3200018  88.6379994  66.2449998  57.9410018  88.8609994
  65.4889998  56.8850018  88.3449993  64.3849998  57.1300018  87.5999994
  64.1729981  56.6270026  86.2970003  62.9270018  56.6680125  85.7110278
  61.8159645  57.2310026  86.4009812  62.0609711  57.7780178  87.6450193
  63.3409961  57.7569894  88.2209780  66.0379998  55.5920018  88.5999994
  65.4899689  54.4680021  87.9979686  65.9800159  53.1630372  88.3350217
  67.0589932  52.9400391  89.2069816  67.6609852  54.0730039  89.7229874
  67.1879998  55.3630018  89.4309994  67.8149998  56.4900018  89.9659994
  69.0239998  56.3900018  90.7209993  70.1639990  55.9409961  90.0359535
  71.4190282  55.8349933  90.6909839  71.4220230  56.1550051  92.0600136
  70.2530003  56.4910023  92.7680038  69.0309748  56.6850087  92.0560138
  67.3269998  57.7480018  89.6839993  67.8409998  58.9910018  90.0519994
  68.8799836  59.4960193  90.7929855  69.1510250  60.8850131  90.8530224
  68.4519998  61.7990018  90.0359993  68.8739998  63.1190018  89.8759994
  70.0839965  63.6790050  90.3699956  70.5730116  64.9080095  90.0200084
  69.9169998  65.5390019  89.0329994  70.3189998  66.6480018  88.2859993
  68.8519998  65.0160018  88.3969994  68.2479998  63.8220018  88.7879994
  67.4019998  61.2340018  89.2649994  67.1199998  59.9100019  89.3249993
  72.5419688  68.3080392  90.4170002  73.4040001  67.9450176  91.4400218
  74.7827944  66.5511076  92.2286599  74.8718849  65.2541452  90.0280238
  72.8189262  65.6138493  88.4808320  73.4299998  69.4300018  88.1989994
  73.4170576  71.2620633  86.7020087  71.6870007  71.5689898  85.0010072
  70.0519929  69.9100035  84.6689903  67.9050096  70.0360433  85.4950308
  66.2571369  70.0528001  83.6340345  65.8331779  67.9450211  82.3352045
  66.8478310  65.9775153  82.9446850  68.7169642  65.9040639  84.6049874
  66.6986732  66.1784638  86.1755759  65.5699998  64.1250018  86.7559993
  65.0679460  62.0970660  86.9519295  64.6859616  59.6129752  87.0079572
  65.0410205  56.2049918  85.7969874  62.8539754  56.2868747  84.6956607
  60.8504207  57.2539918  85.9022168  61.2493418  58.2308110  88.2087617
  63.5020438  58.2991500  89.1492531  64.7193681  54.4759980  87.2313658
  65.5898084  52.3055812  87.7927334  67.2320790  51.9715585  89.6692110
  68.4951734  53.9509764  90.4091422  70.1440099  55.8060702  88.9575450
  72.3426610  55.5581034  90.1891835  72.3407230  56.2869620  92.6258289
  70.3799935  56.6189954  93.8399457  68.1152971  56.9369201  92.5848277
  69.5171927  58.8067932  91.3411653  69.9117000  61.2278667  91.5497248
  70.6810388  63.0859632  91.0580443  71.3398597  65.4059109  90.6078920
  71.8493687  69.1455558  90.4379881  73.4159962  68.5708132  92.3287316
  59.4659996  68.8960037  98.2939987  90.0000000  90.0000000  90.0000000
