   -0.0289290000
    0.0485360000
   -0.0348420000
   -0.0232070000
    0.0051190000
   -0.0039650000
    0.0019710000
   -0.0132190000
    0.0138980000
   -0.0274720000
   -0.0272890000
   -0.0221550000
   -0.0378420000
   -0.0093370000
    0.0559070000
   -0.0381760000
   -0.0742180000
    0.0079750000
   -0.0064130000
   -0.0587740000
   -0.0175330000
   -0.0617670000
   -0.0196340000
    0.0103700000
   -0.1016750000
   -0.0327800000
   -0.0229410000
   -0.0695430000
   -0.0122890000
   -0.0270760000
    0.0067610000
    0.0846130000
    0.0109430000
    0.0996290000
    0.0298010000
    0.0853230000
    0.0595910000
    0.0207800000
    0.0622420000
    0.0203010000
   -0.0005820000
   -0.0360250000
   -0.0368570000
   -0.0331500000
   -0.0792750000
   -0.0200180000
   -0.0540770000
   -0.0491900000
   -0.0624350000
   -0.1005170000
    0.0057240000
   -0.0347920000
    0.0230580000
    0.0498570000
   -0.0232600000
   -0.0103400000
   -0.0218400000
    0.0073490000
   -0.0021670000
    0.0087870000
   -0.0061140000
   -0.0230890000
   -0.0322120000
   -0.0161020000
   -0.0181820000
   -0.0145920000
   -0.0151590000
   -0.0036210000
    0.0064600000
   -0.0150600000
   -0.1708760000
   -0.1986910000
   -0.1767080000
    0.0255280000
   -0.0110090000
    0.0820280000
   -0.2304480000
   -0.1905750000
   -0.1603740000
   -0.2606620000
    0.0399610000
    0.1177860000
   -0.0060060000
   -0.1770800000
   -0.1912680000
   -0.1593630000
   -0.1881500000
   -0.1815500000
   -0.1116410000
    0.1467290000
   -0.2108270000
   -0.2150260000
    0.0799020000
    0.0604980000
   -0.2073220000
   -0.2167750000
    0.1184280000
   -0.0641210000
    0.1002900000
    0.0049550000
   -0.1956210000
   -0.2015890000
   -0.1775960000
   -0.1870470000
   -0.1903630000
    0.0478950000
   -0.2672380000
   -0.1871290000
   -0.1870060000
   -0.2265210000
    0.1109540000
   -0.0251570000
    0.0153290000
   -0.1903600000
   -0.1841320000
   -0.1851650000
   -0.1797020000
   -0.2262480000
    0.0252370000
    0.1854500000
   -0.2368460000
   -0.2131600000
    0.0524340000
    0.1005640000
   -0.1974350000
   -0.2189860000
    0.1727400000
   -0.0125140000
   -0.1114250000
    0.0006160000
    0.0989790000
   -0.1481690000
   -0.1846570000
   -0.2030380000
    0.1940460000
    0.1858140000
    0.1847850000
    0.1997720000
    0.1725770000
    0.1893260000
    0.1787320000
    0.1955000000
    0.1813520000
    0.1879650000
    0.1824130000
    0.1758160000
    0.2020480000
    0.1894610000
    0.1898380000
    0.2033160000
    0.1938930000
    0.1875800000
    0.1944730000
    0.1857020000
    0.1920200000
    0.1946360000
    0.1753940000
    0.1940800000
    0.1908190000
    0.1844530000
    0.1984390000
    0.1819920000
    0.1905050000
    0.1993960000
    0.1912500000
    0.1957290000
    0.1832890000
    0.2109770000
    0.1924370000
    0.1841870000
