   -0.0174580000
    0.0414250000
   -0.0204910000
   -0.0288010000
    0.0033700000
   -0.0100550000
   -0.0027390000
   -0.0162280000
    0.0112970000
   -0.0137630000
   -0.0167230000
   -0.0361700000
    0.0095830000
    0.0275320000
    0.0484230000
   -0.0208560000
   -0.0486020000
    0.0104570000
   -0.0034870000
   -0.0571070000
   -0.0236330000
   -0.0467290000
   -0.0260590000
    0.0123130000
   -0.0631510000
   -0.0081800000
   -0.0373040000
   -0.0394390000
   -0.0251020000
   -0.0252520000
   -0.0033740000
    0.0780430000
    0.0079290000
    0.0967810000
    0.0107460000
    0.0562760000
    0.0463010000
   -0.0276650000
    0.0453660000
    0.0168190000
   -0.0010040000
   -0.0429640000
   -0.0431200000
   -0.0294580000
   -0.0575770000
   -0.0367860000
   -0.0321440000
   -0.0622140000
   -0.0607470000
   -0.0595010000
    0.0182090000
   -0.0073720000
    0.0237320000
    0.0502040000
   -0.0267200000
   -0.0071300000
   -0.0068930000
    0.0107310000
    0.0188340000
    0.0387620000
   -0.0024580000
   -0.0437790000
   -0.0534430000
   -0.0129240000
   -0.0169580000
   -0.0052190000
   -0.0198010000
    0.0047280000
   -0.0025290000
   -0.0236110000
   -0.1714880000
   -0.1988120000
   -0.1778210000
    0.0253260000
   -0.0267540000
    0.0832460000
   -0.2347330000
   -0.1907990000
   -0.1630390000
   -0.2630040000
    0.0389260000
    0.1091220000
   -0.0065510000
   -0.1775460000
   -0.1914490000
   -0.1599640000
   -0.1881550000
   -0.1817980000
   -0.1061330000
    0.1415260000
   -0.2148830000
   -0.2129840000
    0.0745640000
    0.0581130000
   -0.2133230000
   -0.2178910000
    0.1117520000
   -0.0616340000
    0.0922810000
    0.0046790000
   -0.1960770000
   -0.2017840000
   -0.1780640000
   -0.1871320000
   -0.1911910000
    0.0465050000
   -0.2692620000
   -0.1895130000
   -0.1876310000
   -0.2295470000
    0.1114720000
   -0.0373540000
    0.0149110000
   -0.1908900000
   -0.1842510000
   -0.1854400000
   -0.1797640000
   -0.2267560000
    0.0279130000
    0.1632260000
   -0.2353900000
   -0.2315380000
    0.0484300000
    0.0933270000
   -0.2174110000
   -0.2131260000
    0.1541920000
   -0.0094840000
   -0.1106450000
   -0.0006920000
    0.0981990000
   -0.1485050000
   -0.1852520000
   -0.2031860000
    0.1940480000
    0.1857720000
    0.1847230000
    0.1997560000
    0.1725770000
    0.1893280000
    0.1787240000
    0.1955420000
    0.1813550000
    0.1879790000
    0.1824260000
    0.1776400000
    0.2020320000
    0.1895420000
    0.1898770000
    0.2033130000
    0.1938790000
    0.1875660000
    0.1944740000
    0.1856850000
    0.1920100000
    0.1946370000
    0.1753940000
    0.1940830000
    0.1908160000
    0.1845760000
    0.1984130000
    0.1819940000
    0.1904800000
    0.1993850000
    0.1912510000
    0.1957210000
    0.1832630000
    0.2109490000
    0.1924120000
    0.1841700000
